5 16 0 13899.5
5 16 15 14208.8
5 16 30 13927.6
5 16 45 13899.5
5 16 0 13424.8
5 16 15 13440.7
5 16 30 13148.2
5 16 45 13174.8
5 16 0 12472
5 16 15 12497.2
5 16 30 12734.3
5 16 45 12734.3
5 16 0 12948.9
5 16 15 12922.8
5 16 30 13210.3
5 16 45 13194.6
5 16 0 13440.7
5 16 15 13424.8
5 16 30 13174.8
5 16 45 13424.8
5 16 0 13927.6
5 16 15 14208.8
5 16 30 13927.6
5 16 45 13899.5
5 16 0 14575.5
5 16 15 14275.2
5 16 30 14304
5 16 45 14575.5
5 16 0 15649.4
5 16 15 15327
5 16 30 15668
5 16 45 15358
5 16 0 15777.8
5 16 15 16109.7
5 16 30 15809.7
5 16 45 15777.8
5 16 0 16339.9
5 16 15 16003.2
5 16 30 16035.6
5 16 45 16359.3
5 16 0 15960.3
5 16 15 15928.1
5 16 30 16282.5
5 16 45 16263.1
5 16 0 15514.4
5 16 15 15207.5
5 16 30 15496
5 16 45 15514.4
5 16 0 15885
5 16 15 16186.4
5 16 30 16205.7
5 16 45 15853
5 16 0 16589.7
5 16 15 16261.4
5 16 30 16228.6
5 16 45 16570
5 16 0 16186.2
5 16 15 16153.5
5 16 30 16493.3
5 16 45 16512.9
5 16 0 16493.3
5 16 15 16153.5
5 16 30 16186.2
5 16 45 16512.9
5 16 0 15928.1
5 16 15 16263.1
5 16 30 16282.5
5 16 45 15960.3
5 16 0 16128.9
5 16 15 16109.7
5 16 30 15777.8
5 16 45 15809.7
5 16 0 16416.6
5 16 15 16078.3
5 16 30 16110.9
5 16 45 16436.1
5 16 0 16186.2
5 16 15 16512.9
5 16 30 16153.5
5 16 45 16493.3
5 16 0 16128.9
5 16 15 15809.7
5 16 30 15777.8
5 16 45 16109.7
5 16 0 15809.7
5 16 15 16109.7
5 16 30 15777.8
5 16 45 16128.9
5 16 0 15508.6
5 16 15 15802.9
5 16 30 15821.6
5 16 45 15477.3
5 16 0 15726.2
5 16 15 15402.2
5 16 30 15433.3
5 16 45 15402.2
