5 18 0 14575.6
5 18 15 14275.3
5 18 30 14304.2
5 18 45 14592.9
5 18 0 13531
5 18 15 13787.7
5 18 30 13503.6
5 18 45 13804.1
5 18 0 12809.2
5 18 15 12835.1
5 18 30 13094.2
5 18 45 13078.6
5 18 0 13567.5
5 18 15 13551.3
5 18 30 13567.5
5 18 45 13272.2
5 18 0 13787.7
5 18 15 13804.1
5 18 30 13503.6
5 18 45 13503.6
5 18 0 14275.3
5 18 15 14575.6
5 18 30 14592.9
5 18 45 14304.2
5 18 0 14969.5
5 18 15 14690.8
5 18 30 14661.1
5 18 45 14987.3
5 18 0 15741.4
5 18 15 16091.6
5 18 30 16072.5
5 18 45 15773.2
5 18 0 16564.9
5 18 15 16237.2
5 18 30 16204.4
5 18 45 16545.2
5 18 0 16781.6
5 18 15 16801.6
5 18 30 16435.9
5 18 45 16781.6
5 18 0 16358.7
5 18 15 16702.8
5 18 30 16391.8
5 18 45 16722.7
5 18 0 15587.1
5 18 15 15618.6
5 18 30 15933.9
5 18 45 15915
5 18 0 16624
5 18 15 16643.8
5 18 30 16314.5
5 18 45 16281.5
5 18 0 16701.1
5 18 15 17018
5 18 30 16667.4
5 18 45 17038.2
5 18 0 16939.2
5 18 15 16623.8
5 18 30 16590.2
5 18 45 16623.8
5 18 0 16959.3
5 18 15 16623.8
5 18 30 16939.2
5 18 45 16623.8
5 18 0 16722.7
5 18 15 16358.7
5 18 30 16391.8
5 18 45 16702.8
5 18 0 16204.4
5 18 15 16237.2
5 18 30 16545.2
5 18 45 16564.9
5 18 0 16860.4
5 18 15 16546.4
5 18 30 16513
5 18 45 16880.4
5 18 0 16939.2
5 18 15 16623.8
5 18 30 16590.2
5 18 45 16959.3
5 18 0 16204.4
5 18 15 16545.2
5 18 30 16237.2
5 18 45 16564.9
5 18 0 16564.9
5 18 15 16237.2
5 18 30 16545.2
5 18 45 16204.4
5 18 0 15927.9
5 18 15 15895.7
5 18 30 16230.1
5 18 45 16249.4
5 18 0 15818.6
5 18 15 16170.5
5 18 30 16151.3
5 18 45 15850.6
