5 9 0 13299.3
5 9 15 13283.5
5 9 30 13036.1
5 9 45 13009.8
5 9 0 12306.6
5 9 15 12580.4
5 9 30 12565.4
5 9 45 12306.6
5 9 0 11919.2
5 9 15 11697.3
5 9 30 11697.3
5 9 45 11697.3
5 9 0 12364.7
5 9 15 12350
5 9 30 12095.6
5 9 45 12095.6
5 9 0 12306.6
5 9 15 12331.5
5 9 30 12580.4
5 9 45 12580.4
5 9 0 13036.1
5 9 15 13009.8
5 9 30 13299.3
5 9 45 13283.5
5 9 0 13658.7
5 9 15 13388.4
5 9 30 13361.4
5 9 45 13658.7
5 9 0 14345.9
5 9 15 14375
5 9 30 14647.7
5 9 45 14665.1
5 9 0 15096.5
5 9 15 14767.9
5 9 30 15078.5
5 9 45 14797.7
5 9 0 15312.1
5 9 15 15293.9
5 9 30 15009.1
5 9 45 15293.9
5 9 0 14938.7
5 9 15 15240.2
5 9 30 14908.5
5 9 45 15222.1
5 9 0 14205.3
5 9 15 14234
5 9 30 14504.1
5 9 45 14521.3
5 9 0 15168.3
5 9 15 14868.2
5 9 30 14838.2
5 9 45 15150.3
5 9 0 15527.8
5 9 15 15509.3
5 9 30 15220.5
5 9 45 15189.8
5 9 0 15119.5
5 9 15 15455.9
5 9 30 15437.5
5 9 45 15455.9
5 9 0 15437.5
5 9 15 15150.1
5 9 30 15119.5
5 9 45 15455.9
5 9 0 14908.5
5 9 15 14938.7
5 9 30 15240.2
5 9 45 15222.1
5 9 0 14767.9
5 9 15 15096.5
5 9 30 14797.7
5 9 45 15078.5
5 9 0 15384
5 9 15 15365.7
5 9 30 15049.2
5 9 45 15079.6
5 9 0 15119.5
5 9 15 15150.1
5 9 30 15437.5
5 9 45 15455.9
5 9 0 15078.5
5 9 15 14797.7
5 9 30 14767.9
5 9 45 15096.5
5 9 0 14767.9
5 9 15 15078.5
5 9 30 15096.5
5 9 45 14797.7
5 9 0 14808.9
5 9 15 14486.6
5 9 30 14515.9
5 9 45 14486.6
5 9 0 14445.4
5 9 15 14719.5
5 9 30 14737
5 9 45 14416.3
