5 14 0 12061.7
5 14 15 12061.7
5 14 30 11837.1
5 14 45 12076.1
5 14 0 11174.7
5 14 15 11197.3
5 14 30 11423.3
5 14 45 11423.3
5 14 0 10835.8
5 14 15 10621.4
5 14 30 10600
5 14 45 10600
5 14 0 10983.1
5 14 15 11005.3
5 14 30 11214.1
5 14 45 11227.5
5 14 0 11409.7
5 14 15 11197.3
5 14 30 11174.7
5 14 45 11409.7
5 14 0 11813.2
5 14 15 11837.1
5 14 30 12061.7
5 14 45 12076.1
5 14 0 12402.4
5 14 15 12132.5
5 14 30 12387.7
5 14 45 12157
5 14 0 13052.8
5 14 15 13300.5
5 14 30 13316.3
5 14 45 13026.5
5 14 0 13436.7
5 14 15 13409.6
5 14 30 13691.7
5 14 45 13708
5 14 0 13903.8
5 14 15 13628.7
5 14 30 13887.3
5 14 45 13601.2
5 14 0 13537.3
5 14 15 13564.7
5 14 30 13838.5
5 14 45 13537.3
5 14 0 12924.9
5 14 15 12898.8
5 14 30 13185.8
5 14 45 13170.1
5 14 0 13500.7
5 14 15 13473.5
5 14 30 13773.2
5 14 45 13756.9
5 14 0 14099.6
5 14 15 13792.7
5 14 30 14082.9
5 14 45 13820.6
5 14 0 13728.9
5 14 15 14017.7
5 14 30 13756.7
5 14 45 14034.3
5 14 0 13756.7
5 14 15 14017.7
5 14 30 14034.3
5 14 45 13756.7
5 14 0 13537.3
5 14 15 13564.7
5 14 30 13822.1
5 14 45 13838.5
5 14 0 13436.7
5 14 15 13708
5 14 30 13691.7
5 14 45 13409.6
5 14 0 13969.1
5 14 15 13952.5
5 14 30 13665
5 14 45 13692.7
5 14 0 13728.9
5 14 15 14017.7
5 14 30 13756.7
5 14 45 14034.3
5 14 0 13436.7
5 14 15 13691.7
5 14 30 13409.6
5 14 45 13708
5 14 0 13409.6
5 14 15 13708
5 14 30 13691.7
5 14 45 13691.7
5 14 0 13154.2
5 14 15 13180.8
5 14 30 13430.9
5 14 45 13446.9
5 14 0 13116.8
5 14 15 13381.6
5 14 30 13090.3
5 14 45 13365.7
