5 21 0 12358.3
5 21 15 12373
5 21 30 12358.3
5 21 45 12128.2
5 21 0 11449.5
5 21 15 11472.6
5 21 30 11449.5
5 21 45 11472.6
5 21 0 10882.6
5 21 15 11089.1
5 21 30 11102.3
5 21 45 10860.6
5 21 0 11489.9
5 21 15 11503.6
5 21 30 11276
5 21 45 11253.2
5 21 0 11704.2
5 21 15 11690.3
5 21 30 11472.6
5 21 45 11704.2
5 21 0 12373
5 21 15 12103.7
5 21 30 12358.3
5 21 45 12358.3
5 21 0 12707.4
5 21 15 12430.9
5 21 30 12692.4
5 21 45 12707.4
5 21 0 13643.8
5 21 15 13627.6
5 21 30 13373.8
5 21 45 13346.8
5 21 0 14045.1
5 21 15 13739.4
5 21 30 14028.4
5 21 45 13767.2
5 21 0 14228.8
5 21 15 13963.8
5 21 30 14245.7
5 21 45 13935.7
5 21 0 14162
5 21 15 13870.2
5 21 30 14178.8
5 21 45 13898.3
5 21 0 13494
5 21 15 13242.7
5 21 30 13510
5 21 45 13216
5 21 0 13832.7
5 21 15 13804.8
5 21 30 14111.9
5 21 45 14095.2
5 21 0 14446.4
5 21 15 14160.5
5 21 30 14429.2
5 21 45 14131.9
5 21 0 14362.4
5 21 15 14066.5
5 21 30 14379.5
5 21 45 14066.5
5 21 0 14379.5
5 21 15 14095
5 21 30 14362.4
5 21 45 14095
5 21 0 13898.3
5 21 15 14162
5 21 30 14178.8
5 21 45 13870.2
5 21 0 13767.2
5 21 15 13739.4
5 21 30 14045.1
5 21 45 14028.4
5 21 0 14001.1
5 21 15 14029.4
5 21 30 14295.6
5 21 45 14295.6
5 21 0 14379.5
5 21 15 14095
5 21 30 14066.5
5 21 45 14362.4
5 21 0 13767.2
5 21 15 13739.4
5 21 30 14028.4
5 21 45 14028.4
5 21 0 14045.1
5 21 15 14028.4
5 21 30 13739.4
5 21 45 13767.2
5 21 0 13477.7
5 21 15 13504.9
5 21 30 13761.2
5 21 45 13777.5
5 21 0 13412.2
5 21 15 13710.7
5 21 30 13694.4
5 21 45 13439.4
