5 29 0 15385.7
5 29 15 15068.7
5 29 30 15404
5 29 45 15385.7
5 29 0 14571.3
5 29 15 14283
5 29 30 14254.2
5 29 45 14254.2
5 29 0 13821.9
5 29 15 13521.1
5 29 30 13548.4
5 29 45 13805.5
5 29 0 14009.8
5 29 15 14038.1
5 29 30 14038.1
5 29 45 14304.5
5 29 0 14554
5 29 15 14283
5 29 30 14571.3
5 29 45 14254.2
5 29 0 15385.7
5 29 15 15404
5 29 30 15099.2
5 29 45 15404
5 29 0 15507.3
5 29 15 15820.3
5 29 30 15476
5 29 45 15820.3
5 29 0 16649.9
5 29 15 16986
5 29 30 16965.8
5 29 45 16616.3
5 29 0 17485.6
5 29 15 17105
5 29 30 17139.6
5 29 45 17464.8
5 29 0 17349.4
5 29 15 17714.3
5 29 30 17735.4
5 29 45 17735.4
5 29 0 17302.8
5 29 15 17631.1
5 29 30 17267.9
5 29 45 17652.1
5 29 0 16819.5
5 29 15 16799.5
5 29 30 16486.7
5 29 45 16453.4
5 29 0 17186.5
5 29 15 17221.2
5 29 30 17568.8
5 29 45 17548
5 29 0 17593.7
5 29 15 17963.8
5 29 30 17985.2
5 29 45 17963.8
5 29 0 17901.9
5 29 15 17880.6
5 29 30 17547.7
5 29 45 17512.3
5 29 0 17901.9
5 29 15 17880.6
5 29 30 17512.3
5 29 45 17547.7
5 29 0 17652.1
5 29 15 17267.9
5 29 30 17302.8
5 29 45 17631.1
5 29 0 17139.6
5 29 15 17485.6
5 29 30 17464.8
5 29 45 17105
5 29 0 17818.6
5 29 15 17430.8
5 29 30 17797.5
5 29 45 17466.1
5 29 0 17547.7
5 29 15 17512.3
5 29 30 17880.6
5 29 45 17901.9
5 29 0 17485.6
5 29 15 17139.6
5 29 30 17464.8
5 29 45 17105
5 29 0 17139.6
5 29 15 17485.6
5 29 30 17464.8
5 29 45 17105
5 29 0 17132.2
5 29 15 17152.5
5 29 30 16779.2
5 29 45 17132.2
5 29 0 16731.5
5 29 15 17049
5 29 30 16697.7
5 29 45 17069.3
