5 6 0 11624.4
5 6 15 11844.9
5 6 30 11600.9
5 6 45 11844.9
5 6 0 10996
5 6 15 11204.7
5 6 30 10973.8
5 6 45 11218
5 6 0 10409.5
5 6 15 10430.5
5 6 30 10641.1
5 6 45 10641.1
5 6 0 11012.6
5 6 15 11025.7
5 6 30 10785.7
5 6 45 10785.7
5 6 0 10996
5 6 15 10973.8
5 6 30 11218
5 6 45 10996
5 6 0 11600.9
5 6 15 11624.4
5 6 30 11844.9
5 6 45 11859
5 6 0 11914.4
5 6 15 12165.1
5 6 30 12179.5
5 6 45 11914.4
5 6 0 12792.3
5 6 15 13077
5 6 30 13061.4
5 6 45 12818.2
5 6 0 13195.2
5 6 15 13461.6
5 6 30 13168.6
5 6 45 13195.2
5 6 0 13637.7
5 6 15 13356.7
5 6 30 13383.7
5 6 45 13653.9
5 6 0 13573.7
5 6 15 13589.8
5 6 30 13320.9
5 6 45 13294
5 6 0 12933.4
5 6 15 12948.8
5 6 30 12692.6
5 6 45 12666.9
5 6 0 13231.3
5 6 15 13525.7
5 6 30 13258.1
5 6 45 13258.1
5 6 0 13829.8
5 6 15 13846.2
5 6 30 13572.2
5 6 45 13544.8
5 6 0 13509.4
5 6 15 13782.1
5 6 30 13765.7
5 6 45 13482.1
5 6 0 13482.1
5 6 15 13782.1
5 6 30 13509.4
5 6 45 13765.7
5 6 0 13294
5 6 15 13573.7
5 6 30 13320.9
5 6 45 13589.8
5 6 0 13168.6
5 6 15 13195.2
5 6 30 13461.6
5 6 45 13445.6
5 6 0 13718
5 6 15 13419.4
5 6 30 13701.7
5 6 45 13446.6
5 6 0 13782.1
5 6 15 13482.1
5 6 30 13509.4
5 6 45 13509.4
5 6 0 13461.6
5 6 15 13168.6
5 6 30 13445.6
5 6 45 13195.2
5 6 0 13168.6
5 6 15 13461.6
5 6 30 13195.2
5 6 45 13445.6
5 6 0 12917.8
5 6 15 12943.9
5 6 30 13189.5
5 6 45 13205.2
5 6 0 13125.5
5 6 15 12881.1
5 6 30 12855.1
5 6 45 13141.1
