5 27 0 12488.5
5 27 15 12241.4
5 27 30 12473.7
5 27 45 12241.4
5 27 0 11813.5
5 27 15 11799.4
5 27 30 11556.3
5 27 45 11813.5
5 27 0 10984.2
5 27 15 10962
5 27 30 11205.9
5 27 45 10962
5 27 0 11610.9
5 27 15 11597.2
5 27 30 11381.2
5 27 45 11358.2
5 27 0 11556.3
5 27 15 11579.7
5 27 30 11813.5
5 27 45 11579.7
5 27 0 12216.7
5 27 15 12241.4
5 27 30 12488.5
5 27 45 12473.7
5 27 0 12826
5 27 15 12810.8
5 27 30 12546.9
5 27 45 12546.9
5 27 0 13771.1
5 27 15 13754.8
5 27 30 13498.6
5 27 45 13754.8
5 27 0 14159.3
5 27 15 13895.7
5 27 30 13867.6
5 27 45 14176.1
5 27 0 14094.2
5 27 15 14378.7
5 27 30 14065.7
5 27 45 14361.6
5 27 0 14294.2
5 27 15 14311.2
5 27 30 13999.7
5 27 45 14028
5 27 0 13339.3
5 27 15 13366.3
5 27 30 13636.1
5 27 45 13619.9
5 27 0 14226.7
5 27 15 13961.8
5 27 30 14243.7
5 27 45 14226.7
5 27 0 14292.7
5 27 15 14581.2
5 27 30 14263.8
5 27 45 14563.9
5 27 0 14226.5
5 27 15 14496.4
5 27 30 14197.8
5 27 45 14197.8
5 27 0 14496.4
5 27 15 14226.5
5 27 30 14197.8
5 27 45 14513.7
5 27 0 14294.2
5 27 15 13999.7
5 27 30 14028
5 27 45 14311.2
5 27 0 13895.7
5 27 15 14176.1
5 27 30 13867.6
5 27 45 14159.3
5 27 0 14446.2
5 27 15 14429
5 27 30 14131.8
5 27 45 14160.3
5 27 0 14496.4
5 27 15 14197.8
5 27 30 14226.5
5 27 45 14513.7
5 27 0 13867.6
5 27 15 14176.1
5 27 30 13895.7
5 27 45 13895.7
5 27 0 14176.1
5 27 15 13867.6
5 27 30 14159.3
5 27 45 13895.7
5 27 0 13603.5
5 27 15 13631
5 27 30 13889.6
5 27 45 13906.1
5 27 0 13564.8
5 27 15 13822.2
5 27 30 13838.6
5 27 45 13537.4
