5 2 0 13694.1
5 2 15 13396
5 2 30 13423.1
5 2 45 13396
5 2 0 12697.5
5 2 15 12671.9
5 2 30 12938.5
5 2 45 12953.9
5 2 0 12273.1
5 2 15 12287.7
5 2 30 12273.1
5 2 45 12020.2
5 2 0 12731.8
5 2 15 12716.7
5 2 30 12454.7
5 2 45 12479.9
5 2 0 12953.9
5 2 15 12697.5
5 2 30 12697.5
5 2 45 12697.5
5 2 0 13423.1
5 2 15 13694.1
5 2 30 13396
5 2 45 13677.8
5 2 0 14064.2
5 2 15 14047.5
5 2 30 13758.1
5 2 45 14047.5
5 2 0 15100.5
5 2 15 14801.7
5 2 30 15082.6
5 2 45 14771.8
5 2 0 15526.2
5 2 15 15544.6
5 2 30 15237.1
5 2 45 15206.3
5 2 0 15454.7
5 2 15 15748
5 2 30 15748
5 2 45 15423.5
5 2 0 15692.7
5 2 15 15674
5 2 30 15351.1
5 2 45 15382.2
5 2 0 14656.6
5 2 15 14952.4
5 2 30 14627
5 2 45 14934.7
5 2 0 15278.7
5 2 15 15309.6
5 2 30 15600.1
5 2 45 15618.6
5 2 0 15988.8
5 2 15 15969.8
5 2 30 15640.8
5 2 45 15672.4
5 2 0 15599.8
5 2 15 15914.7
5 2 30 15895.8
5 2 45 15568.4
5 2 0 15568.4
5 2 15 15895.8
5 2 30 15914.7
5 2 45 15914.7
5 2 0 15674
5 2 15 15692.7
5 2 30 15351.1
5 2 45 15382.2
5 2 0 15206.3
5 2 15 15526.2
5 2 30 15544.6
5 2 45 15237.1
5 2 0 15840.7
5 2 15 15527.3
5 2 30 15495.9
5 2 45 15821.9
5 2 0 15914.7
5 2 15 15895.8
5 2 30 15599.8
5 2 45 15568.4
5 2 0 15237.1
5 2 15 15206.3
5 2 30 15526.2
5 2 45 15544.6
5 2 0 15526.2
5 2 15 15237.1
5 2 30 15544.6
5 2 45 15206.3
5 2 0 14916.7
5 2 15 15248.5
5 2 30 15230.4
5 2 45 14946.8
5 2 0 14844.2
5 2 15 14874.3
5 2 30 15156.5
5 2 45 15174.5
