5 11 0 14403
5 11 15 14403
5 11 30 14089.6
5 11 45 14118.1
5 11 0 13354.9
5 11 15 13608.3
5 11 30 13624.5
5 11 45 13328
5 11 0 12908.5
5 11 15 12923.8
5 11 30 12668.1
5 11 45 12908.5
5 11 0 13375
5 11 15 13099.5
5 11 30 13126
5 11 45 13390.9
5 11 0 13354.9
5 11 15 13608.3
5 11 30 13328
5 11 45 13624.5
5 11 0 14089.6
5 11 15 14403
5 11 30 14089.6
5 11 45 14089.6
5 11 0 14792.3
5 11 15 14470.4
5 11 30 14499.6
5 11 45 14774.7
5 11 0 15536.6
5 11 15 15882.3
5 11 30 15863.4
5 11 45 15568
5 11 0 15993.5
5 11 15 16349.4
5 11 30 16025.9
5 11 45 16330
5 11 0 16254.8
5 11 15 16563.3
5 11 30 16583
5 11 45 16222
5 11 0 16505.1
5 11 15 16485.5
5 11 30 16485.5
5 11 45 16485.5
5 11 0 15726.6
5 11 15 15415.4
5 11 30 15384.3
5 11 45 15415.4
5 11 0 16102.2
5 11 15 16427.2
5 11 30 16407.7
5 11 45 16069.7
5 11 0 16816.5
5 11 15 16450.5
5 11 30 16796.6
5 11 45 16483.8
5 11 0 16738.7
5 11 15 16374.3
5 11 30 16718.8
5 11 45 16718.8
5 11 0 16407.5
5 11 15 16718.8
5 11 30 16738.7
5 11 45 16374.3
5 11 0 16178.5
5 11 15 16145.9
5 11 30 16505.1
5 11 45 16485.5
5 11 0 16025.9
5 11 15 15993.5
5 11 30 16330
5 11 45 16330
5 11 0 16298.2
5 11 15 16641
5 11 30 16660.8
5 11 45 16331.2
5 11 0 16374.3
5 11 15 16718.8
5 11 30 16407.5
5 11 45 16718.8
5 11 0 16349.4
5 11 15 16025.9
5 11 30 16330
5 11 45 15993.5
5 11 0 16025.9
5 11 15 16330
5 11 30 15993.5
5 11 45 16349.4
5 11 0 15720.6
5 11 15 16038
5 11 30 15688.9
5 11 45 16018.9
5 11 0 15941.2
5 11 15 15612.7
5 11 30 15960.1
5 11 45 15644.3
