5 8 0 14052.9
5 8 15 14069.6
5 8 30 13791.2
5 8 45 13763.4
5 8 0 13045.8
5 8 15 13309.1
5 8 30 13293.3
5 8 45 13019.4
5 8 0 12374.8
5 8 15 12609.6
5 8 30 12609.6
5 8 45 12349.9
5 8 0 12822.1
5 8 15 12796.2
5 8 30 13080.9
5 8 45 13065.4
5 8 0 13309.1
5 8 15 13045.8
5 8 30 13293.3
5 8 45 13019.4
5 8 0 14069.6
5 8 15 13791.2
5 8 30 13763.4
5 8 45 13791.2
5 8 0 14449.9
5 8 15 14135.4
5 8 30 14432.7
5 8 45 14164
5 8 0 15207.6
5 8 15 15514.6
5 8 30 15176.9
5 8 45 15496.2
5 8 0 15623.3
5 8 15 15970.9
5 8 30 15952
5 8 45 15654.9
5 8 0 15878.6
5 8 15 15846.5
5 8 30 16179.8
5 8 45 16199.1
5 8 0 16123
5 8 15 15804
5 8 30 16103.9
5 8 45 15772.1
5 8 0 15058.5
5 8 15 15362.5
5 8 30 15344.3
5 8 45 15028.1
5 8 0 15729.5
5 8 15 16047
5 8 30 16027.9
5 8 45 15697.7
5 8 0 16102.2
5 8 15 16407.7
5 8 30 16427.2
5 8 45 16069.7
5 8 0 16331.8
5 8 15 16351.2
5 8 30 15995.3
5 8 45 16027.6
5 8 0 16027.6
5 8 15 16331.8
5 8 30 15995.3
5 8 45 16351.2
5 8 0 15804
5 8 15 16123
5 8 30 15772.1
5 8 45 15804
5 8 0 15623.3
5 8 15 15970.9
5 8 30 15952
5 8 45 15952
5 8 0 16255.8
5 8 15 16275.1
5 8 30 15953.1
5 8 45 15920.9
5 8 0 16027.6
5 8 15 15995.3
5 8 30 16331.8
5 8 45 16351.2
5 8 0 15654.9
5 8 15 15970.9
5 8 30 15952
5 8 45 15623.3
5 8 0 15623.3
5 8 15 15654.9
5 8 30 15952
5 8 45 15970.9
5 8 0 15666.7
5 8 15 15356.7
5 8 30 15648.1
5 8 45 15325.7
5 8 0 15590.7
5 8 15 15251.3
5 8 30 15282.2
5 8 45 15282.2
