5 24 0 14423.7
5 24 15 14727.1
5 24 30 14452.8
5 24 45 14727.1
5 24 0 13931
5 24 15 13671.6
5 24 30 13947.6
5 24 45 13947.6
5 24 0 13214.6
5 24 15 13230.3
5 24 30 12968.5
5 24 45 12942.3
5 24 0 13708.5
5 24 15 13692.2
5 24 30 13410.1
5 24 45 13437.2
5 24 0 13671.6
5 24 15 13644
5 24 30 13931
5 24 45 13947.6
5 24 0 14744.6
5 24 15 14423.7
5 24 30 14727.1
5 24 45 14452.8
5 24 0 14813.5
5 24 15 15125.1
5 24 30 14843.5
5 24 45 14813.5
5 24 0 15937.2
5 24 15 16258.9
5 24 30 16239.6
5 24 45 15905
5 24 0 16717.2
5 24 15 16372.8
5 24 30 16737.1
5 24 45 16405.9
5 24 0 16640.3
5 24 15 16976.2
5 24 30 16956
5 24 45 16606.7
5 24 0 16562.2
5 24 15 16876.4
5 24 30 16896.5
5 24 45 16528.7
5 24 0 15780.9
5 24 15 15749.1
5 24 30 16099.5
5 24 45 16080.4
5 24 0 16796.8
5 24 15 16816.8
5 24 30 16484
5 24 45 16450.8
5 24 0 16874.7
5 24 15 17215.3
5 24 30 16840.6
5 24 45 17194.8
5 24 0 16796.5
5 24 15 16762.6
5 24 30 17135.6
5 24 45 17115.2
5 24 0 17135.6
5 24 15 16796.5
5 24 30 17115.2
5 24 45 16762.6
5 24 0 16562.2
5 24 15 16896.5
5 24 30 16528.7
5 24 45 16528.7
5 24 0 16372.8
5 24 15 16737.1
5 24 30 16717.2
5 24 45 16717.2
5 24 0 16684.7
5 24 15 17055.9
5 24 30 16718.4
5 24 45 17055.9
5 24 0 16796.5
5 24 15 16762.6
5 24 30 17135.6
5 24 45 17115.2
5 24 0 16717.2
5 24 15 16372.8
5 24 30 16405.9
5 24 45 16737.1
5 24 0 16372.8
5 24 15 16717.2
5 24 30 16405.9
5 24 45 16737.1
5 24 0 16398.8
5 24 15 16060.9
5 24 30 16418.3
5 24 45 16398.8
5 24 0 16319.2
5 24 15 15983
5 24 30 16015.3
5 24 45 16338.6
