5 28 0 12305.6
5 28 15 12305.6
5 28 30 12291
5 28 45 12037.8
5 28 0 11626.6
5 28 15 11640.4
5 28 30 11410.1
5 28 45 11410.1
5 28 0 10801.4
5 28 15 11041.8
5 28 30 10823.3
5 28 45 11028.7
5 28 0 11191.9
5 28 15 11214.5
5 28 30 11427.3
5 28 45 11427.3
5 28 0 11640.4
5 28 15 11410.1
5 28 30 11626.6
5 28 45 11387.1
5 28 0 12305.6
5 28 15 12062.1
5 28 30 12291
5 28 45 12037.8
5 28 0 12638.2
5 28 15 12388.1
5 28 30 12623.2
5 28 45 12363.1
5 28 0 13553.3
5 28 15 13300.9
5 28 30 13569.4
5 28 45 13274.1
5 28 0 13692.1
5 28 15 13951.9
5 28 30 13968.5
5 28 45 13664.5
5 28 0 14168
5 28 15 14151.2
5 28 30 13859.7
5 28 45 13887.7
5 28 0 13794.6
5 28 15 14084.8
5 28 30 14101.5
5 28 45 13822.5
5 28 0 13143.9
5 28 15 13420.4
5 28 30 13436.4
5 28 45 13170.5
5 28 0 13757.3
5 28 15 14018.4
5 28 30 14035
5 28 45 13729.5
5 28 0 14054.9
5 28 15 14367.6
5 28 30 14083.3
5 28 45 14350.5
5 28 0 13989.8
5 28 15 14301.1
5 28 30 14284.1
5 28 45 14018.1
5 28 0 14284.1
5 28 15 14018.1
5 28 30 14301.1
5 28 45 13989.8
5 28 0 14084.8
5 28 15 13794.6
5 28 30 13822.5
5 28 45 14101.5
5 28 0 13692.1
5 28 15 13951.9
5 28 30 13664.5
5 28 45 13968.5
5 28 0 13952.9
5 28 15 13924.8
5 28 30 14217.7
5 28 45 14234.6
5 28 0 14284.1
5 28 15 14301.1
5 28 30 14018.1
5 28 45 14018.1
5 28 0 13664.5
5 28 15 13692.1
5 28 30 13968.5
5 28 45 13664.5
5 28 0 13664.5
5 28 15 13692.1
5 28 30 13951.9
5 28 45 13968.5
5 28 0 13431.3
5 28 15 13702.4
5 28 30 13404.2
5 28 45 13686.2
5 28 0 13619.7
5 28 15 13366.1
5 28 30 13339.1
5 28 45 13635.9
