5 10 0 14346.7
5 10 15 14363.8
5 10 30 14051.2
5 10 45 14363.8
5 10 0 13571.2
5 10 15 13318.5
5 10 30 13291.6
5 10 45 13318.5
5 10 0 12633.6
5 10 15 12873.3
5 10 30 12608.1
5 10 45 12608.1
5 10 0 13354.4
5 10 15 13063.8
5 10 30 13338.6
5 10 45 13090.2
5 10 0 13587.4
5 10 15 13571.2
5 10 30 13318.5
5 10 45 13291.6
5 10 0 14051.2
5 10 15 14363.8
5 10 30 14079.6
5 10 45 14363.8
5 10 0 14430.9
5 10 15 14460.1
5 10 30 14752
5 10 45 14752
5 10 0 15820.2
5 10 15 15525.6
5 10 30 15494.2
5 10 45 15839
5 10 0 15982.2
5 10 15 16304.8
5 10 30 16285.5
5 10 45 15950
5 10 0 16210.5
5 10 15 16537.8
5 10 30 16177.8
5 10 45 16518.1
5 10 0 16460.1
5 10 15 16101.9
5 10 30 16134.4
5 10 45 16440.6
5 10 0 15342.3
5 10 15 15665.1
5 10 30 15373.4
5 10 45 15683.7
5 10 0 16058.3
5 10 15 16025.9
5 10 30 16382.5
5 10 45 16058.3
5 10 0 16405.7
5 10 15 16750.8
5 10 30 16770.7
5 10 45 16438.9
5 10 0 16329.7
5 10 15 16673.2
5 10 30 16693
5 10 45 16362.8
5 10 0 16329.7
5 10 15 16693
5 10 30 16673.2
5 10 45 16362.8
5 10 0 16440.6
5 10 15 16101.9
5 10 30 16134.4
5 10 45 16460.1
5 10 0 15982.2
5 10 15 15950
5 10 30 16304.8
5 10 45 16285.5
5 10 0 16286.6
5 10 15 16253.8
5 10 30 16595.7
5 10 45 16615.4
5 10 0 16329.7
5 10 15 16673.2
5 10 30 16362.8
5 10 45 16693
5 10 0 16285.5
5 10 15 15950
5 10 30 15982.2
5 10 45 16304.8
5 10 0 15950
5 10 15 16285.5
5 10 30 16304.8
5 10 45 15982.2
5 10 0 15646.2
5 10 15 15975.3
5 10 30 15677.8
5 10 45 15994.3
5 10 0 15570.2
5 10 15 15916.6
5 10 30 15897.7
5 10 45 15601.7
