5 7 0 11884.5
5 7 15 11884.5
5 7 30 11898.6
5 7 45 11898.6
5 7 0 11255.5
5 7 15 11032.8
5 7 30 11242.1
5 7 45 11010.5
5 7 0 10444.2
5 7 15 10663.9
5 7 30 10444.2
5 7 45 10676.6
5 7 0 11062.5
5 7 15 10843.6
5 7 30 10821.7
5 7 45 11049.4
5 7 0 11032.8
5 7 15 11242.1
5 7 30 11010.5
5 7 45 11255.5
5 7 0 11639.7
5 7 15 11898.6
5 7 30 11884.5
5 7 45 11639.7
5 7 0 11978.4
5 7 15 11954.3
5 7 30 12205.7
5 7 45 11978.4
5 7 0 12835.1
5 7 15 13120.7
5 7 30 13105.1
5 7 45 12861.1
5 7 0 13212.6
5 7 15 13490.5
5 7 30 13506.6
5 7 45 13239.3
5 7 0 13401.3
5 7 15 13683.2
5 7 30 13428.5
5 7 45 13699.5
5 7 0 13635.2
5 7 15 13338.4
5 7 30 13365.4
5 7 45 13365.4
5 7 0 12992
5 7 15 12735
5 7 30 12976.6
5 7 45 12976.6
5 7 0 13302.4
5 7 15 13554.8
5 7 30 13275.5
5 7 45 13275.5
5 7 0 13876
5 7 15 13892.5
5 7 30 13590.1
5 7 45 13617.6
5 7 0 13811.7
5 7 15 13554.5
5 7 30 13828.1
5 7 45 13527.2
5 7 0 13527.2
5 7 15 13554.5
5 7 30 13828.1
5 7 45 13828.1
5 7 0 13365.4
5 7 15 13338.4
5 7 30 13635.2
5 7 45 13619
5 7 0 13506.6
5 7 15 13490.5
5 7 30 13212.6
5 7 45 13239.3
5 7 0 13491.5
5 7 15 13747.5
5 7 30 13763.8
5 7 45 13464.3
5 7 0 13527.2
5 7 15 13828.1
5 7 30 13811.7
5 7 45 13554.5
5 7 0 13212.6
5 7 15 13490.5
5 7 30 13239.3
5 7 45 13490.5
5 7 0 13212.6
5 7 15 13490.5
5 7 30 13506.6
5 7 45 13239.3
5 7 0 13233.6
5 7 15 12960.9
5 7 30 12987.1
5 7 45 13249.3
5 7 0 13185
5 7 15 12924.1
5 7 30 13169.3
5 7 45 12898
