5 3 0 12872.5
5 3 15 13132.4
5 3 30 12846.6
5 3 45 12846.6
5 3 0 12176.7
5 3 15 12422.5
5 3 30 12152.1
5 3 45 12407.8
5 3 0 11783.6
5 3 15 11769.7
5 3 30 11527.2
5 3 45 11783.6
5 3 0 12209.6
5 3 15 12195.1
5 3 30 12195.1
5 3 45 12195.1
5 3 0 12152.1
5 3 15 12407.8
5 3 30 12176.7
5 3 45 12422.5
5 3 0 13116.8
5 3 15 13132.4
5 3 30 12846.6
5 3 45 12872.5
5 3 0 13193.8
5 3 15 13471.3
5 3 30 13487.3
5 3 45 13193.8
5 3 0 14165.9
5 3 15 14463.9
5 3 30 14481.1
5 3 45 14194.6
5 3 0 14582.6
5 3 15 14889.3
5 3 30 14907
5 3 45 14612.1
5 3 0 14820.8
5 3 15 15102
5 3 30 15120
5 3 45 14790.9
5 3 0 15031.1
5 3 15 15049
5 3 30 14751.2
5 3 45 14751.2
5 3 0 14339.1
5 3 15 14055.4
5 3 30 14322.1
5 3 45 14027
5 3 0 14960.2
5 3 15 14681.7
5 3 30 14978
5 3 45 14652
5 3 0 15332.9
5 3 15 14999.2
5 3 30 15029.6
5 3 45 15314.7
5 3 0 15243.8
5 3 15 14960
5 3 30 15262
5 3 45 14929.8
5 3 0 15243.8
5 3 15 14929.8
5 3 30 14960
5 3 45 15262
5 3 0 14751.2
5 3 15 15049
5 3 30 15031.1
5 3 45 14751.2
5 3 0 14612.1
5 3 15 14889.3
5 3 30 14612.1
5 3 45 14582.6
5 3 0 14860.3
5 3 15 15172.9
5 3 30 15191
5 3 45 14890.4
5 3 0 15262
5 3 15 14929.8
5 3 30 14960
5 3 45 15243.8
5 3 0 14612.1
5 3 15 14582.6
5 3 30 14889.3
5 3 45 14907
5 3 0 14907
5 3 15 14889.3
5 3 30 14582.6
5 3 45 14582.6
5 3 0 14605.7
5 3 15 14304.8
5 3 30 14623.1
5 3 45 14333.7
5 3 0 14235.4
5 3 15 14264.2
5 3 30 14534.8
5 3 45 14552.1
