5 22 0 14586.5
5 22 15 14880.9
5 22 30 14557
5 22 45 14557
5 22 0 14076.5
5 22 15 14059.8
5 22 30 14059.8
5 22 45 14076.5
5 22 0 13062
5 22 15 13336.7
5 22 30 13088.4
5 22 45 13088.4
5 22 0 13835.2
5 22 15 13534.1
5 22 30 13818.8
5 22 45 13561.5
5 22 0 13798
5 22 15 14076.5
5 22 30 14059.8
5 22 45 13770.1
5 22 0 14586.5
5 22 15 14880.9
5 22 30 14863.2
5 22 45 14863.2
5 22 0 14950.4
5 22 15 15264.9
5 22 30 15283.1
5 22 45 14980.7
5 22 0 16052.1
5 22 15 16409.2
5 22 30 16389.7
5 22 45 16084.5
5 22 0 16557.6
5 22 15 16871.8
5 22 30 16524.2
5 22 45 16891.8
5 22 0 16794.1
5 22 15 17112.8
5 22 30 16760.2
5 22 45 17133.1
5 22 0 16715.3
5 22 15 16681.6
5 22 30 17052.7
5 22 45 17032.5
5 22 0 16248.3
5 22 15 15926.8
5 22 30 16229
5 22 45 15894.7
5 22 0 16972.3
5 22 15 16602.9
5 22 30 16952.1
5 22 45 16602.9
5 22 0 17030.7
5 22 15 16996.3
5 22 30 17353.8
5 22 45 17030.7
5 22 0 16917.6
5 22 15 17294
5 22 30 16951.8
5 22 45 17273.5
5 22 0 17294
5 22 15 16951.8
5 22 30 17273.5
5 22 45 16951.8
5 22 0 16715.3
5 22 15 17032.5
5 22 30 16681.6
5 22 45 17052.7
5 22 0 16557.6
5 22 15 16891.8
5 22 30 16871.8
5 22 45 16524.2
5 22 0 16873
5 22 15 16838.9
5 22 30 17213.6
5 22 45 17193.1
5 22 0 16951.8
5 22 15 17294
5 22 30 17273.5
5 22 45 16917.6
5 22 0 16524.2
5 22 15 16891.8
5 22 30 16557.6
5 22 45 16871.8
5 22 0 16871.8
5 22 15 16524.2
5 22 30 16524.2
5 22 45 16524.2
5 22 0 16209.4
5 22 15 16242.2
5 22 30 16570.1
5 22 45 16550.4
5 22 0 16130.7
5 22 15 16489.6
5 22 30 16470.1
5 22 45 16163.4
