5 30 0 14895.5
5 30 15 14895.5
5 30 30 14865.5
5 30 45 15178.2
5 30 0 14061.9
5 30 15 14357.7
5 30 30 14090.4
5 30 45 14061.9
5 30 0 13365.7
5 30 15 13635.5
5 30 30 13619.3
5 30 45 13635.5
5 30 0 13848.8
5 30 15 13820.9
5 30 30 14111.6
5 30 45 13820.9
5 30 0 14374.8
5 30 15 14090.4
5 30 30 14357.7
5 30 45 14374.8
5 30 0 14865.5
5 30 15 15196.2
5 30 30 15178.2
5 30 45 14865.5
5 30 0 15267.2
5 30 15 15588.4
5 30 30 15606.9
5 30 45 15588.4
5 30 0 16756.9
5 30 15 16392.2
5 30 30 16737
5 30 45 16425.3
5 30 0 16908.4
5 30 15 16874.3
5 30 30 17249.7
5 30 45 17229.3
5 30 0 17150
5 30 15 17496.2
5 30 30 17475.4
5 30 45 17115.4
5 30 0 17069.5
5 30 15 17414
5 30 30 17035
5 30 45 17393.3
5 30 0 16572.9
5 30 15 16231.5
5 30 30 16592.6
5 30 45 16264.3
5 30 0 17311.3
5 30 15 17331.9
5 30 30 16954.7
5 30 45 16988.9
5 30 0 17721.5
5 30 15 17391.5
5 30 30 17742.6
5 30 45 17356.4
5 30 0 17639.5
5 30 15 17311
5 30 30 17311
5 30 45 17311
5 30 0 17660.4
5 30 15 17276.1
5 30 30 17639.5
5 30 45 17311
5 30 0 17035
5 30 15 17069.5
5 30 30 17393.3
5 30 45 17414
5 30 0 17229.3
5 30 15 17249.7
5 30 30 16874.3
5 30 45 16908.4
5 30 0 17195.7
5 30 15 17230.5
5 30 30 17578.3
5 30 45 17578.3
5 30 0 17276.1
5 30 15 17660.4
5 30 30 17311
5 30 45 17276.1
5 30 0 17229.3
5 30 15 16908.4
5 30 30 17249.7
5 30 45 17249.7
5 30 0 16874.3
5 30 15 17229.3
5 30 30 17249.7
5 30 45 16908.4
5 30 0 16901.1
5 30 15 16586.4
5 30 30 16921.2
5 30 45 16552.9
5 30 0 16505.8
5 30 15 16839
5 30 30 16819
5 30 45 16472.5
