5 20 0 12367.9
5 20 15 12367.9
5 20 30 12602.6
5 20 45 12602.6
5 20 0 11935.5
5 20 15 11935.5
5 20 30 11675.8
5 20 45 11935.5
5 20 0 11075.3
5 20 15 11308.3
5 20 30 11321.7
5 20 45 11075.3
5 20 0 11730.9
5 20 15 11475.6
5 20 30 11475.6
5 20 45 11498.8
5 20 0 11675.8
5 20 15 11935.5
5 20 30 11921.4
5 20 45 11699.4
5 20 0 12617.6
5 20 15 12602.6
5 20 30 12367.9
5 20 45 12367.9
5 20 0 12958.6
5 20 15 12943.2
5 20 30 12702.2
5 20 45 12676.6
5 20 0 13896.9
5 20 15 13610.6
5 20 30 13913.4
5 20 45 13638.1
5 20 0 14010.9
5 20 15 14039.3
5 20 30 14305.7
5 20 45 14322.7
5 20 0 14527.3
5 20 15 14239.8
5 20 30 14211.1
5 20 45 14510
5 20 0 14173
5 20 15 14459.1
5 20 30 14441.9
5 20 45 14144.4
5 20 0 13504.4
5 20 15 13477.2
5 20 30 13760.7
5 20 45 13777
5 20 0 14106.1
5 20 15 14077.6
5 20 30 14390.9
5 20 45 14373.8
5 20 0 14411.2
5 20 15 14731.9
5 20 30 14440.4
5 20 45 14714.4
5 20 0 14344.5
5 20 15 14373.5
5 20 30 14646.3
5 20 45 14663.7
5 20 0 14646.3
5 20 15 14344.5
5 20 30 14373.5
5 20 45 14663.7
5 20 0 14173
5 20 15 14459.1
5 20 30 14173
5 20 45 14441.9
5 20 0 14010.9
5 20 15 14305.7
5 20 30 14039.3
5 20 45 14322.7
5 20 0 14306.7
5 20 15 14277.8
5 20 30 14595.5
5 20 45 14578.1
5 20 0 14373.5
5 20 15 14646.3
5 20 30 14663.7
5 20 45 14344.5
5 20 0 14010.9
5 20 15 14305.7
5 20 30 14322.7
5 20 45 14305.7
5 20 0 14039.3
5 20 15 14305.7
5 20 30 14010.9
5 20 45 14322.7
5 20 0 14049.8
5 20 15 14033.2
5 20 30 13744.1
5 20 45 13771.9
5 20 0 13677.3
5 20 15 13705
5 20 30 13965
5 20 45 13981.6
