5 12 0 14646.9
5 12 15 14345.2
5 12 30 14345.2
5 12 45 14664.3
5 12 0 13569.8
5 12 15 13855.2
5 12 30 13871.7
5 12 45 13597.2
5 12 0 12897.9
5 12 15 13158.3
5 12 30 13142.7
5 12 45 12871.9
5 12 0 13337.1
5 12 15 13633.9
5 12 30 13364.1
5 12 45 13364.1
5 12 0 13597.2
5 12 15 13871.7
5 12 30 13855.2
5 12 45 13569.8
5 12 0 14646.9
5 12 15 14374.2
5 12 30 14345.2
5 12 45 14646.9
5 12 0 14732.9
5 12 15 15060.7
5 12 30 15042.8
5 12 45 14762.7
5 12 0 16170.4
5 12 15 15818.5
5 12 30 15850.5
5 12 45 16151.2
5 12 0 16283.7
5 12 15 16646
5 12 30 16646
5 12 45 16646
5 12 0 16549.7
5 12 15 16863.8
5 12 30 16883.8
5 12 45 16516.3
5 12 0 16804.5
5 12 15 16784.6
5 12 30 16438.8
5 12 45 16784.6
5 12 0 16011.9
5 12 15 15695.1
5 12 30 15663.4
5 12 45 15992.9
5 12 0 16361.3
5 12 15 16705.4
5 12 30 16394.4
5 12 45 16725.3
5 12 0 17121.6
5 12 15 16749
5 12 30 16782.8
5 12 45 16782.8
5 12 0 16671.4
5 12 15 17042.4
5 12 30 16705.1
5 12 45 17022.1
5 12 0 17022.1
5 12 15 16705.1
5 12 30 16671.4
5 12 45 17042.4
5 12 0 16438.8
5 12 15 16472
5 12 30 16784.6
5 12 45 16804.5
5 12 0 16626.3
5 12 15 16316.7
5 12 30 16283.7
5 12 45 16646
5 12 0 16963.1
5 12 15 16627.4
5 12 30 16942.9
5 12 45 16593.9
5 12 0 16671.4
5 12 15 17042.4
5 12 30 16705.1
5 12 45 17022.1
5 12 0 16646
5 12 15 16283.7
5 12 30 16626.3
5 12 45 16316.7
5 12 0 16626.3
5 12 15 16283.7
5 12 30 16646
5 12 45 16283.7
5 12 0 16005.9
5 12 15 16328.9
5 12 30 16309.6
5 12 45 15973.6
5 12 0 15896
5 12 15 16230.4
5 12 30 15928.2
5 12 45 16249.7
