5 13 0 14629.3
5 13 15 14629.3
5 13 30 14310.9
5 13 45 14611.9
5 13 0 13838.5
5 13 15 13537.3
5 13 30 13564.7
5 13 45 13564.7
5 13 0 13111.3
5 13 15 13126.8
5 13 30 12841.1
5 13 45 13111.3
5 13 0 13601.3
5 13 15 13305.3
5 13 30 13585.2
5 13 45 13332.2
5 13 0 13838.5
5 13 15 13564.7
5 13 30 13822.1
5 13 45 13537.3
5 13 0 14611.9
5 13 15 14629.3
5 13 30 14339.8
5 13 45 14310.9
5 13 0 14727.4
5 13 15 14697.7
5 13 30 14697.7
5 13 45 15024.7
5 13 0 15780.7
5 13 15 16131.8
5 13 30 15812.6
5 13 45 16112.6
5 13 0 16277.7
5 13 15 16244.8
5 13 30 16586.5
5 13 45 16277.7
5 13 0 16476.9
5 13 15 16823.5
5 13 30 16510.2
5 13 45 16843.5
5 13 0 16744.5
5 13 15 16764.4
5 13 30 16399.5
5 13 45 16432.7
5 13 0 15973.6
5 13 15 15657.6
5 13 30 15954.7
5 13 45 15973.6
5 13 0 16665.5
5 13 15 16685.3
5 13 30 16665.5
5 13 45 16322.2
5 13 0 17080.7
5 13 15 16708.9
5 13 30 16742.7
5 13 45 17060.4
5 13 0 16631.6
5 13 15 17001.6
5 13 30 16981.4
5 13 45 16665.2
5 13 0 16631.6
5 13 15 16665.2
5 13 30 17001.6
5 13 45 16665.2
5 13 0 16432.7
5 13 15 16744.5
5 13 30 16764.4
5 13 45 16399.5
5 13 0 16586.5
5 13 15 16606.2
5 13 30 16277.7
5 13 45 16244.8
5 13 0 16902.5
5 13 15 16922.6
5 13 30 16554.2
5 13 45 16902.5
5 13 0 17001.6
5 13 15 16981.4
5 13 30 16665.2
5 13 45 16631.6
5 13 0 16586.5
5 13 15 16606.2
5 13 30 16277.7
5 13 45 16277.7
5 13 0 16586.5
5 13 15 16606.2
5 13 30 16244.8
5 13 45 16277.7
5 13 0 16270.6
5 13 15 15935.4
5 13 30 16289.9
5 13 45 15967.6
5 13 0 16191.6
5 13 15 16210.9
5 13 30 15858
5 13 45 15890.1
