5 5 0 12204.5
5 5 15 12219
5 5 30 11953.1
5 5 45 11953.1
5 5 0 11307
5 5 15 11329.8
5 5 30 11329.8
5 5 45 11544.8
5 5 0 10951.1
5 5 15 10747.1
5 5 30 10725.5
5 5 45 10964.1
5 5 0 11360.4
5 5 15 11135.6
5 5 30 11113.1
5 5 45 11346.9
5 5 0 11329.8
5 5 15 11307
5 5 30 11544.8
5 5 45 11558.5
5 5 0 12219
5 5 15 12204.5
5 5 30 11953.1
5 5 45 11977.2
5 5 0 12276.1
5 5 15 12534.4
5 5 30 12301
5 5 45 12549.3
5 5 0 13457.9
5 5 15 13207.3
5 5 30 13180.7
5 5 45 13473.9
5 5 0 13595.8
5 5 15 13568.3
5 5 30 13853.8
5 5 45 13870.2
5 5 0 14068.4
5 5 15 13762.2
5 5 30 14051.7
5 5 45 13790
5 5 0 13725.3
5 5 15 14002.3
5 5 30 13985.7
5 5 45 14002.3
5 5 0 13326
5 5 15 13341.8
5 5 30 13077.9
5 5 45 13051.5
5 5 0 13936.3
5 5 15 13919.7
5 5 30 13660.5
5 5 45 13633
5 5 0 14249.6
5 5 15 14266.5
5 5 30 13956
5 5 45 13984.2
5 5 0 14183.6
5 5 15 13891.4
5 5 30 14200.5
5 5 45 13919.5
5 5 0 13919.5
5 5 15 14200.5
5 5 30 13891.4
5 5 45 14183.6
5 5 0 13697.6
5 5 15 13725.3
5 5 30 14002.3
5 5 45 13985.7
5 5 0 13595.8
5 5 15 13568.3
5 5 30 13853.8
5 5 45 13870.2
5 5 0 14134.4
5 5 15 14117.6
5 5 30 13854.8
5 5 45 13826.8
5 5 0 14183.6
5 5 15 13919.5
5 5 30 14200.5
5 5 45 14200.5
5 5 0 13595.8
5 5 15 13568.3
5 5 30 13853.8
5 5 45 13870.2
5 5 0 13870.2
5 5 15 13568.3
5 5 30 13853.8
5 5 45 13595.8
5 5 0 13336.8
5 5 15 13606
5 5 30 13589.9
5 5 45 13336.8
5 5 0 13540
5 5 15 13272.1
5 5 30 13245.3
5 5 45 13523.9
