5 15 0 13931.5
5 15 15 13903.4
5 15 30 14212.7
5 15 45 13931.5
5 15 0 13151.9
5 15 15 13444.5
5 15 30 13428.5
5 15 45 13151.9
5 15 0 12500.7
5 15 15 12737.9
5 15 30 12753
5 15 45 12475.5
5 15 0 12952.5
5 15 15 13198.3
5 15 30 13214
5 15 45 13214
5 15 0 13428.5
5 15 15 13444.5
5 15 30 13151.9
5 15 45 13151.9
5 15 0 14195.9
5 15 15 13931.5
5 15 30 14212.7
5 15 45 13931.5
5 15 0 14308
5 15 15 14596.9
5 15 30 14279.2
5 15 45 14579.5
5 15 0 15653.8
5 15 15 15331.3
5 15 30 15672.4
5 15 45 15653.8
5 15 0 16133.4
5 15 15 15782.2
5 15 30 15814.1
5 15 45 16114.2
5 15 0 16040.1
5 15 15 16344.4
5 15 30 16363.8
5 15 45 16007.7
5 15 0 15932.5
5 15 15 16287
5 15 30 16267.7
5 15 45 15964.8
5 15 0 15500.3
5 15 15 15518.8
5 15 30 15211.7
5 15 45 15211.7
5 15 0 16191
5 15 15 15889.5
5 15 30 16210.2
5 15 45 15857.4
5 15 0 16233.1
5 15 15 16266
5 15 30 16574.6
5 15 45 16594.3
5 15 0 16190.7
5 15 15 16158
5 15 30 16517.5
5 15 45 16497.9
5 15 0 16517.5
5 15 15 16158
5 15 30 16190.7
5 15 45 16158
5 15 0 16287
5 15 15 15932.5
5 15 30 16267.7
5 15 45 15964.8
5 15 0 15814.1
5 15 15 16133.4
5 15 30 15782.2
5 15 45 16114.2
5 15 0 16421.2
5 15 15 16082.8
5 15 30 16115.4
5 15 45 16440.7
5 15 0 16190.7
5 15 15 16497.9
5 15 30 16158
5 15 45 16158
5 15 0 16133.4
5 15 15 15782.2
5 15 30 15814.1
5 15 45 15782.2
5 15 0 16133.4
5 15 15 15782.2
5 15 30 16114.2
5 15 45 15814.1
5 15 0 15481.6
5 15 15 15826.1
5 15 30 15807.3
5 15 45 15512.9
5 15 0 15749.2
5 15 15 15730.5
5 15 30 15406.5
5 15 45 15437.6
