5 17 0 14130.8
5 17 15 14445.2
5 17 30 14445.2
5 17 45 14428
5 17 0 13394
5 17 15 13648.1
5 17 30 13394
5 17 45 13394
5 17 0 12705.1
5 17 15 12679.5
5 17 30 12946.2
5 17 45 12961.6
5 17 0 13137.8
5 17 15 13414.1
5 17 30 13414.1
5 17 45 13430.1
5 17 0 13366.9
5 17 15 13664.3
5 17 30 13394
5 17 45 13394
5 17 0 14159.3
5 17 15 14428
5 17 30 14130.8
5 17 45 14445.2
5 17 0 14835.6
5 17 15 14512.7
5 17 30 14542
5 17 45 14835.6
5 17 0 15582
5 17 15 15613.5
5 17 30 15909.8
5 17 45 15928.7
5 17 0 16072.8
5 17 15 16377.7
5 17 30 16040.3
5 17 45 16397.2
5 17 0 16631.4
5 17 15 16269.5
5 17 30 16611.7
5 17 45 16302.4
5 17 0 16533.7
5 17 15 16225.8
5 17 30 16193.1
5 17 45 16553.4
5 17 0 15772.5
5 17 15 15460.5
5 17 30 15429.3
5 17 45 15753.8
5 17 0 16475.3
5 17 15 16149.3
5 17 30 16116.7
5 17 45 16455.7
5 17 0 16865.7
5 17 15 16845.7
5 17 30 16532
5 17 45 16845.7
5 17 0 16422.2
5 17 15 16787.6
5 17 30 16767.7
5 17 45 16455.4
5 17 0 16787.6
5 17 15 16455.4
5 17 30 16767.7
5 17 45 16422.2
5 17 0 16225.8
5 17 15 16553.4
5 17 30 16193.1
5 17 45 16533.7
5 17 0 16377.7
5 17 15 16072.8
5 17 30 16397.2
5 17 45 16040.3
5 17 0 16689.7
5 17 15 16345.8
5 17 30 16689.7
5 17 45 16709.5
5 17 0 16455.4
5 17 15 16787.6
5 17 30 16767.7
5 17 45 16422.2
5 17 0 16377.7
5 17 15 16397.2
5 17 30 16072.8
5 17 45 16040.3
5 17 0 16377.7
5 17 15 16397.2
5 17 30 16072.8
5 17 45 16040.3
5 17 0 16065.8
5 17 15 16084.9
5 17 30 15734.8
5 17 45 15766.6
5 17 0 15690.1
5 17 15 15987.8
5 17 30 16006.8
5 17 45 16006.8
