5 25 0 14758.6
5 25 15 14776.1
5 25 30 14454.5
5 25 45 14758.6
5 25 0 13700.9
5 25 15 13960.8
5 25 30 13673.2
5 25 45 13977.4
5 25 0 12996.3
5 25 15 12970
5 25 30 13258.6
5 25 45 13242.9
5 25 0 13721.5
5 25 15 13737.8
5 25 30 13438.8
5 25 45 13466
5 25 0 13700.9
5 25 15 13977.4
5 25 30 13673.2
5 25 45 13673.2
5 25 0 14483.8
5 25 15 14454.5
5 25 30 14483.8
5 25 45 14776.1
5 25 0 15157.5
5 25 15 14875.2
5 25 30 14845.2
5 25 45 15175.5
5 25 0 16293.7
5 25 15 15971.3
5 25 30 15939.1
5 25 45 16274.4
5 25 0 16772.9
5 25 15 16753
5 25 30 16407.9
5 25 45 16441.1
5 25 0 16992.3
5 25 15 17012.5
5 25 30 16675.9
5 25 45 16642.3
5 25 0 16932.7
5 25 15 16597.6
5 25 30 16912.6
5 25 45 16912.6
5 25 0 15782.8
5 25 15 16134
5 25 30 15814.7
5 25 45 16114.8
5 25 0 16519.3
5 25 15 16852.8
5 25 30 16486
5 25 45 16519.3
5 25 0 16876.7
5 25 15 16910.8
5 25 30 17231.7
5 25 45 17252.2
5 25 0 17172.3
5 25 15 17151.9
5 25 30 16798.5
5 25 45 16832.5
5 25 0 17172.3
5 25 15 17172.3
5 25 30 16798.5
5 25 45 16798.5
5 25 0 16597.6
5 25 15 16932.7
5 25 30 16912.6
5 25 45 16597.6
5 25 0 16753
5 25 15 16772.9
5 25 30 16407.9
5 25 45 16441.1
5 25 0 17092.4
5 25 15 17072.1
5 25 30 16720.4
5 25 45 16754.2
5 25 0 17172.3
5 25 15 16832.5
5 25 30 16798.5
5 25 45 17151.9
5 25 0 16753
5 25 15 16772.9
5 25 30 16441.1
5 25 45 16407.9
5 25 0 16772.9
5 25 15 16407.9
5 25 30 16753
5 25 45 16441.1
5 25 0 16453.4
5 25 15 16127.9
5 25 30 16433.9
5 25 45 16095.3
5 25 0 16049.6
5 25 15 16373.6
5 25 30 16354.1
5 25 45 16017.2
