5 1 0 12104.1
5 1 15 12079.6
5 1 30 12333.7
5 1 45 12333.7
5 1 0 11449.8
5 1 15 11667
5 1 30 11426.7
5 1 45 11680.9
5 1 0 10839
5 1 15 11067
5 1 30 11080.2
5 1 45 11080.2
5 1 0 11230.8
5 1 15 11467
5 1 30 11253.5
5 1 45 11253.5
5 1 0 11426.7
5 1 15 11449.8
5 1 30 11667
5 1 45 11680.9
5 1 0 12333.7
5 1 15 12104.1
5 1 30 12348.4
5 1 45 12079.6
5 1 0 12682.1
5 1 15 12667.1
5 1 30 12431.2
5 1 45 12682.1
5 1 0 13616.6
5 1 15 13347.2
5 1 30 13600.4
5 1 45 13320.2
5 1 0 14000.5
5 1 15 13739.7
5 1 30 13712
5 1 45 14017.1
5 1 0 14200.5
5 1 15 14217.3
5 1 30 13907.9
5 1 45 13907.9
5 1 0 13842.6
5 1 15 14150.6
5 1 30 13870.6
5 1 45 14150.6
5 1 0 13216.3
5 1 15 13483.1
5 1 30 13189.6
5 1 45 13467.1
5 1 0 14067.1
5 1 15 13777.3
5 1 30 13805.2
5 1 45 14083.8
5 1 0 14103.8
5 1 15 14417.6
5 1 30 14400.5
5 1 45 14132.3
5 1 0 14038.5
5 1 15 14333.8
5 1 30 14350.8
5 1 45 14066.9
5 1 0 14350.8
5 1 15 14066.9
5 1 30 14333.8
5 1 45 14333.8
5 1 0 13870.6
5 1 15 14150.6
5 1 30 13842.6
5 1 45 14133.8
5 1 0 13712
5 1 15 13739.7
5 1 30 14017.1
5 1 45 13712
5 1 0 14284.1
5 1 15 13973.2
5 1 30 14267.1
5 1 45 14001.5
5 1 0 14350.8
5 1 15 14066.9
5 1 30 14038.5
5 1 45 14333.8
5 1 0 14000.5
5 1 15 13739.7
5 1 30 13712
5 1 45 13739.7
5 1 0 14000.5
5 1 15 13712
5 1 30 14017.1
5 1 45 13739.7
5 1 0 13478
5 1 15 13733.8
5 1 30 13750.1
5 1 45 13450.8
5 1 0 13412.6
5 1 15 13385.5
5 1 30 13683.4
5 1 45 13667.1
