5 23 0 14944.8
5 23 15 14927.1
5 23 30 14649.1
5 23 45 14619.6
5 23 0 13829.3
5 23 15 14137
5 23 30 13857.3
5 23 45 13829.3
5 23 0 13410
5 23 15 13144.6
5 23 30 13410
5 23 45 13144.6
5 23 0 13878.2
5 23 15 13619.7
5 23 30 13894.7
5 23 45 13878.2
5 23 0 14137
5 23 15 13829.3
5 23 30 14120.2
5 23 45 13829.3
5 23 0 14649.1
5 23 15 14944.8
5 23 30 14619.6
5 23 45 14927.1
5 23 0 15014.7
5 23 15 15045.1
5 23 30 15330.5
5 23 45 15330.5
5 23 0 16153.6
5 23 15 16460.2
5 23 30 16121
5 23 45 16479.7
5 23 0 16628.8
5 23 15 16944.3
5 23 30 16964.4
5 23 45 16595.2
5 23 0 16866.3
5 23 15 17206.8
5 23 30 17186.3
5 23 45 16832.3
5 23 0 17126
5 23 15 16787.1
5 23 30 17105.7
5 23 45 16753.2
5 23 0 15963
5 23 15 15995.3
5 23 30 16298.8
5 23 45 16318.2
5 23 0 16707.9
5 23 15 17025
5 23 30 16674.2
5 23 45 17045.2
5 23 0 17449.1
5 23 15 17069.3
5 23 30 17428.4
5 23 45 17428.4
5 23 0 17347.7
5 23 15 16990.3
5 23 30 17024.7
5 23 45 17024.7
5 23 0 17024.7
5 23 15 16990.3
5 23 30 17368.3
5 23 45 17347.7
5 23 0 16753.2
5 23 15 16787.1
5 23 30 17126
5 23 45 17105.7
5 23 0 16595.2
5 23 15 16628.8
5 23 30 16944.3
5 23 45 16964.4
5 23 0 16945.5
5 23 15 16911.3
5 23 30 17267
5 23 45 17287.6
5 23 0 17347.7
5 23 15 17024.7
5 23 30 17368.3
5 23 45 17368.3
5 23 0 16628.8
5 23 15 16595.2
5 23 30 16964.4
5 23 45 16964.4
5 23 0 16628.8
5 23 15 16944.3
5 23 30 16595.2
5 23 45 16964.4
5 23 0 16279.1
5 23 15 16312
5 23 30 16641.3
5 23 45 16621.5
5 23 0 16200.1
5 23 15 16232.8
5 23 30 16540.8
5 23 45 16560.5
