5 26 0 14201.7
5 26 15 14184.8
5 26 30 13892.6
5 26 45 13920.7
5 26 0 13418.1
5 26 15 13168.2
5 26 30 13141.7
5 26 45 13434
5 26 0 12743.2
5 26 15 12728
5 26 30 12491
5 26 45 12743.2
5 26 0 13188.1
5 26 15 12916.4
5 26 30 13203.7
5 26 45 13188.1
5 26 0 13168.2
5 26 15 13434
5 26 30 13418.1
5 26 45 13141.7
5 26 0 13892.6
5 26 15 14201.7
5 26 30 13892.6
5 26 45 13920.7
5 26 0 14268.1
5 26 15 14296.9
5 26 30 14296.9
5 26 45 14568.2
5 26 0 15319.4
5 26 15 15350.4
5 26 30 15641.7
5 26 45 15641.7
5 26 0 16101.7
5 26 15 16120.9
5 26 30 15770
5 26 45 16101.7
5 26 0 16351.2
5 26 15 15995.3
5 26 30 16027.6
5 26 45 16027.6
5 26 0 15920.2
5 26 15 15952.4
5 26 30 16274.4
5 26 45 16274.4
5 26 0 15169.2
5 26 15 15199.9
5 26 30 15506.7
5 26 45 15169.2
5 26 0 16197.6
5 26 15 15845.1
5 26 30 15877.1
5 26 45 16178.4
5 26 0 16581.4
5 26 15 16253.4
5 26 30 16220.6
5 26 45 16561.8
5 26 0 16178.1
5 26 15 16504.7
5 26 30 16485.1
5 26 45 16145.5
5 26 0 16504.7
5 26 15 16485.1
5 26 30 16145.5
5 26 45 16178.1
5 26 0 16274.4
5 26 15 16255.1
5 26 30 15952.4
5 26 45 16255.1
5 26 0 16101.7
5 26 15 15770
5 26 30 15801.9
5 26 45 16120.9
5 26 0 16427.9
5 26 15 16070.4
5 26 30 16102.9
5 26 45 16070.4
5 26 0 16178.1
5 26 15 16145.5
5 26 30 16504.7
5 26 45 16485.1
5 26 0 15770
5 26 15 15801.9
5 26 30 16120.9
5 26 45 16120.9
5 26 0 16120.9
5 26 15 15770
5 26 30 16101.7
5 26 45 15801.9
5 26 0 15500.9
5 26 15 15795
5 26 30 15795
5 26 45 15813.8
5 26 0 15718.3
5 26 15 15425.6
5 26 30 15737
5 26 45 15394.5
