5 4 0 13295.9
5 4 15 13311.7
5 4 30 13022
5 4 45 13311.7
5 4 0 12592.1
5 4 15 12318.1
5 4 30 12577.2
5 4 45 12343
5 4 0 11684.6
5 4 15 11930.4
5 4 30 11708.2
5 4 45 11944.6
5 4 0 12106.9
5 4 15 12376.3
5 4 30 12106.9
5 4 45 12131.4
5 4 0 12343
5 4 15 12577.2
5 4 30 12318.1
5 4 45 12343
5 4 0 13022
5 4 15 13295.9
5 4 30 13311.7
5 4 45 13048.3
5 4 0 13655.2
5 4 15 13401
5 4 30 13671.5
5 4 45 13373.9
5 4 0 14661.4
5 4 15 14359.4
5 4 30 14388.4
5 4 45 14678.8
5 4 0 14781.7
5 4 15 15092.6
5 4 30 15110.6
5 4 45 14811.6
5 4 0 15326.4
5 4 15 15308.2
5 4 30 14992.9
5 4 45 15308.2
5 4 0 15236.4
5 4 15 15254.5
5 4 30 14952.7
5 4 45 15236.4
5 4 0 14247.3
5 4 15 14534.9
5 4 30 14534.9
5 4 45 14218.6
5 4 0 14882.1
5 4 15 15182.5
5 4 30 14882.1
5 4 45 15164.5
5 4 0 15204
5 4 15 15523.9
5 4 30 15542.3
5 4 45 15234.8
5 4 0 15164.3
5 4 15 15133.6
5 4 30 15470.4
5 4 45 15452
5 4 0 15470.4
5 4 15 15164.3
5 4 30 15133.6
5 4 45 15133.6
5 4 0 15236.4
5 4 15 14952.7
5 4 30 14922.5
5 4 45 14922.5
5 4 0 14781.7
5 4 15 15110.6
5 4 30 14811.6
5 4 45 15092.6
5 4 0 15380.1
5 4 15 15398.4
5 4 30 15398.4
5 4 45 15380.1
5 4 0 15133.6
5 4 15 15452
5 4 30 15164.3
5 4 45 15470.4
5 4 0 15092.6
5 4 15 15110.6
5 4 30 14781.7
5 4 45 14811.6
5 4 0 15110.6
5 4 15 15092.6
5 4 30 14811.6
5 4 45 14781.7
5 4 0 14805.2
5 4 15 14529.5
5 4 30 14500.1
5 4 45 14822.8
5 4 0 14733.3
5 4 15 14429.8
5 4 30 14458.9
5 4 45 14750.8
