5 31 0 14726.6
5 31 15 15054.2
5 31 30 14726.6
5 31 45 14756.3
5 31 0 13930.5
5 31 15 14223.6
5 31 30 14240.5
5 31 45 13958.7
5 31 0 13214.1
5 31 15 13508.1
5 31 30 13240.8
5 31 45 13240.8
5 31 0 13691.7
5 31 15 13719.4
5 31 30 13979.7
5 31 45 13979.7
5 31 0 13958.7
5 31 15 14240.5
5 31 30 14223.6
5 31 45 14240.5
5 31 0 14756.3
5 31 15 15036.3
5 31 30 15054.2
5 31 45 14726.6
5 31 0 15442.7
5 31 15 15461.1
5 31 30 15155.2
5 31 45 15461.1
5 31 0 16239
5 31 15 16271.9
5 31 30 16600.3
5 31 45 16239
5 31 0 17068.3
5 31 15 17088.6
5 31 30 16716.6
5 31 45 17068.3
5 31 0 17332.7
5 31 15 16989.7
5 31 30 16955.4
5 31 45 17312.1
5 31 0 16910
5 31 15 17251.3
5 31 30 16875.8
5 31 45 17230.8
5 31 0 16418.1
5 31 15 16112.3
5 31 30 16079.8
5 31 45 16437.6
5 31 0 17169.9
5 31 15 16796.2
5 31 30 17149.6
5 31 45 16830.2
5 31 0 17194.2
5 31 15 17576.8
5 31 30 17229
5 31 45 17194.2
5 31 0 17114.6
5 31 15 17474.7
5 31 30 17495.4
5 31 45 17149.3
5 31 0 17495.4
5 31 15 17114.6
5 31 30 17474.7
5 31 45 17149.3
5 31 0 16875.8
5 31 15 17230.8
5 31 30 16910
5 31 45 17251.3
5 31 0 16750.4
5 31 15 17088.6
5 31 30 17068.3
5 31 45 16716.6
5 31 0 17069.5
5 31 15 17414.1
5 31 30 17035
5 31 45 17393.4
5 31 0 17114.6
5 31 15 17495.4
5 31 30 17149.3
5 31 45 17474.7
5 31 0 17088.6
5 31 15 16750.4
5 31 30 17068.3
5 31 45 16716.6
5 31 0 16716.6
5 31 15 16750.4
5 31 30 17068.3
5 31 45 16716.6
5 31 0 16431.4
5 31 15 16743.2
5 31 30 16763.1
5 31 45 16398.2
5 31 0 16318.6
5 31 15 16351.6
5 31 30 16661.9
5 31 45 16681.7
