5 19 0 14399.9
5 19 15 14370.8
5 19 30 14673.1
5 19 45 14399.9
5 19 0 13621.5
5 19 15 13594
5 19 30 13896.5
5 19 45 13594
5 19 0 12921
5 19 15 12894.9
5 19 30 13166.2
5 19 45 13181.8
5 19 0 13361
5 19 15 13642.1
5 19 30 13388
5 19 45 13642.1
5 19 0 13621.5
5 19 15 13896.5
5 19 30 13880
5 19 45 13594
5 19 0 14690.6
5 19 15 14399.9
5 19 30 14690.6
5 19 45 14690.6
5 19 0 15087.6
5 19 15 14789.1
5 19 30 15069.7
5 19 45 14759.3
5 19 0 15878.8
5 19 15 15846.8
5 19 30 16199.4
5 19 45 16180.1
5 19 0 16345.9
5 19 15 16656
5 19 30 16312.9
5 19 45 16675.8
5 19 0 16579.4
5 19 15 16893.9
5 19 30 16914
5 19 45 16579.4
5 19 0 16814.6
5 19 15 16834.6
5 19 30 16468.2
5 19 45 16501.5
5 19 0 15723.2
5 19 15 16040.5
5 19 30 15691.4
5 19 45 15691.4
5 19 0 16735.3
5 19 15 16755.2
5 19 30 16423.7
5 19 45 16390.5
5 19 0 17152.3
5 19 15 16778.9
5 19 30 16812.9
5 19 45 17131.9
5 19 0 17052.6
5 19 15 16701.3
5 19 30 16735
5 19 45 17072.8
5 19 0 17072.8
5 19 15 17052.6
5 19 30 16735
5 19 45 16701.3
5 19 0 16814.6
5 19 15 16468.2
5 19 30 16501.5
5 19 45 16814.6
5 19 0 16312.9
5 19 15 16345.9
5 19 30 16656
5 19 45 16675.8
5 19 0 16657.2
5 19 15 16623.6
5 19 30 16993.4
5 19 45 16973.3
5 19 0 17052.6
5 19 15 16701.3
5 19 30 16735
5 19 45 17072.8
5 19 0 16312.9
5 19 15 16675.8
5 19 30 16345.9
5 19 45 16675.8
5 19 0 16312.9
5 19 15 16345.9
5 19 30 16675.8
5 19 45 16656
5 19 0 16034.5
5 19 15 16358.2
5 19 30 16002.1
5 19 45 16338.7
5 19 0 15956.7
5 19 15 16278.8
5 19 30 15924.5
5 19 45 15924.5
