3 29 0 15817
3 29 15 16149.7
3 29 30 16168.9
3 29 45 16168.9
3 29 0 15321.6
3 29 15 15339.8
3 29 30 15005.9
3 29 45 15005.9
3 29 0 14925.2
3 29 15 14629.9
3 29 30 14600.3
3 29 45 14907.5
3 29 0 14659
3 29 15 14357
3 29 30 14386
3 29 45 14386
3 29 0 15008.1
3 29 15 14711.1
3 29 30 14681.4
3 29 45 14990.3
3 29 0 15321.6
3 29 15 15036.2
3 29 30 15339.8
3 29 45 15005.9
3 29 0 15249.2
3 29 15 15588.5
3 29 30 15570
3 29 45 15280.1
3 29 0 15686.5
3 29 15 16003.1
3 29 30 15984.1
3 29 45 16003.1
3 29 0 16628.2
3 29 15 16998.1
3 29 30 16977.9
3 29 45 16628.2
3 29 0 17661.5
3 29 15 17640.5
3 29 30 17312
3 29 45 17277.1
3 29 0 17806.1
3 29 15 17827.3
3 29 30 17439.3
3 29 45 17474.6
3 29 0 16743.1
3 29 15 17081
3 29 30 16709.3
3 29 45 17060.8
3 29 0 15898.1
3 29 15 15930.3
3 29 30 16251.9
3 29 45 16232.6
3 29 0 16832.3
3 29 15 16812.3
3 29 30 16499.2
3 29 45 16465.9
3 29 0 16977.9
3 29 15 16998.1
3 29 30 16661.8
3 29 45 16661.8
3 29 0 16915.2
3 29 15 16895.1
3 29 30 16547
3 29 45 16580.5
3 29 0 16977.9
3 29 15 16998.1
3 29 30 16661.8
3 29 45 16628.2
3 29 0 16580.5
3 29 15 16915.2
3 29 30 16547
3 29 45 16895.1
3 29 0 17081
3 29 15 16709.3
3 29 30 17060.8
3 29 45 16743.1
3 29 0 17068.2
3 29 15 17033.7
3 29 30 17412.7
3 29 45 17392
3 29 0 16977.9
3 29 15 16661.8
3 29 30 16998.1
3 29 45 16628.2
3 29 0 16832.3
3 29 15 16499.2
3 29 30 16812.3
3 29 45 16465.9
3 29 0 17068.2
3 29 15 17392
3 29 30 17412.7
3 29 45 17033.7
3 29 0 16628.2
3 29 15 16998.1
3 29 30 16977.9
3 29 45 16661.8
