3 8 0 17707.9
3 8 15 17707.9
3 8 30 17728.9
3 8 45 17728.9
3 8 0 16453.6
3 8 15 16819.7
3 8 30 16486.9
3 8 45 16799.8
3 8 0 16041.3
3 8 15 16009
3 8 30 16041.3
3 8 45 16345.7
3 8 0 16092.4
3 8 15 15774
3 8 30 16073.3
3 8 45 16092.4
3 8 0 16456.1
3 8 15 16097.9
3 8 30 16436.5
3 8 45 16097.9
3 8 0 16819.7
3 8 15 16486.9
3 8 30 16453.6
3 8 45 16453.6
3 8 0 17072.2
3 8 15 17092.5
3 8 30 16720.5
3 8 45 16754.3
3 8 0 17526.2
3 8 15 17165.2
3 8 30 17547.1
3 8 45 17199.9
3 8 0 18638.1
3 8 15 18269.3
3 8 30 18615.9
3 8 45 18232.4
3 8 0 19342.4
3 8 15 18943.9
3 8 30 18982.2
3 8 45 19365.4
3 8 0 19160.5
3 8 15 19524
3 8 30 19160.5
3 8 45 19547.2
3 8 0 18706.8
3 8 15 18321.4
3 8 30 18358.4
3 8 45 18729
3 8 0 17798.7
3 8 15 17467.2
3 8 30 17819.8
3 8 45 17798.7
3 8 0 18434.3
3 8 15 18091.1
3 8 30 18456.2
3 8 45 18091.1
3 8 0 18269.3
3 8 15 18232.4
3 8 30 18615.9
3 8 45 18232.4
3 8 0 18547.2
3 8 15 18143.5
3 8 30 18525.1
3 8 45 18180.2
3 8 0 18638.1
3 8 15 18269.3
3 8 30 18232.4
3 8 45 18615.9
3 8 0 18525.1
3 8 15 18180.2
3 8 30 18143.5
3 8 45 18547.2
3 8 0 18706.8
3 8 15 18321.4
3 8 30 18358.4
3 8 45 18729
3 8 0 18714.9
3 8 15 19070
3 8 30 19092.7
3 8 45 19092.7
3 8 0 18232.4
3 8 15 18269.3
3 8 30 18638.1
3 8 45 18615.9
3 8 0 18456.2
3 8 15 18434.3
3 8 30 18091.1
3 8 45 18054.5
3 8 0 18714.9
3 8 15 19070
3 8 30 19092.7
3 8 45 18677.1
3 8 0 18269.3
3 8 15 18638.1
3 8 30 18232.4
3 8 45 18615.9
