3 3 0 16840.2
3 3 15 16840.2
3 3 30 16806.2
3 3 45 17180.1
3 3 0 15944.4
3 3 15 16279.8
3 3 30 15976.6
3 3 45 16279.8
3 3 0 15839.8
3 3 15 15858.6
3 3 30 15513.4
3 3 45 15513.4
3 3 0 15254.9
3 3 15 15285.7
3 3 30 15594.3
3 3 45 15285.7
3 3 0 15927.8
3 3 15 15946.7
3 3 30 15599.6
3 3 45 15631.2
3 3 0 15944.4
3 3 15 16299.1
3 3 30 15976.6
3 3 45 16299.1
3 3 0 16543.8
3 3 15 16202.9
3 3 30 16235.7
3 3 45 16543.8
3 3 0 16983.8
3 3 15 16633.9
3 3 30 16667.5
3 3 45 17003.9
3 3 0 18039.7
3 3 15 17703.8
3 3 30 17668.1
3 3 45 18061.2
3 3 0 18394.7
3 3 15 18766
3 3 30 18357.6
3 3 45 18743.7
3 3 0 18567.4
3 3 15 18529.9
3 3 30 18919.7
3 3 45 18942.2
3 3 0 18149.3
3 3 15 18127.7
3 3 30 17754.3
3 3 45 18149.3
3 3 0 16926.6
3 3 15 17247.8
3 3 30 17268.3
3 3 45 16892.4
3 3 0 17495.7
3 3 15 17885
3 3 30 17863.7
3 3 45 17531.1
3 3 0 17668.1
3 3 15 18039.7
3 3 30 17703.8
3 3 45 18039.7
3 3 0 17617.5
3 3 15 17973.1
3 3 30 17951.7
3 3 45 17581.9
3 3 0 18039.7
3 3 15 18061.2
3 3 30 17703.8
3 3 45 17668.1
3 3 0 17617.5
3 3 15 17951.7
3 3 30 17581.9
3 3 45 17973.1
3 3 0 17790.2
3 3 15 18127.7
3 3 30 18149.3
3 3 45 17754.3
3 3 0 18135.6
3 3 15 18099
3 3 30 18479.7
3 3 45 18501.7
3 3 0 18039.7
3 3 15 17703.8
3 3 30 18061.2
3 3 45 17668.1
3 3 0 17495.7
3 3 15 17885
3 3 30 17531.1
3 3 45 17863.7
3 3 0 18501.7
3 3 15 18135.6
3 3 30 18099
3 3 45 18501.7
3 3 0 17703.8
3 3 15 18039.7
3 3 30 18061.2
3 3 45 18061.2
