3 7 0 17370.6
3 7 15 17405.8
3 7 30 17405.8
3 7 45 17736
3 7 0 16826.5
3 7 15 16479.8
3 7 30 16479.8
3 7 45 16846.5
3 7 0 16034.4
3 7 15 16066.9
3 7 30 16371.7
3 7 45 16391.2
3 7 0 15799.1
3 7 15 16118
3 7 30 16098.9
3 7 45 15767.2
3 7 0 16156.1
3 7 15 16123.5
3 7 30 16462.7
3 7 45 16482.3
3 7 0 16826.5
3 7 15 16513.2
3 7 30 16479.8
3 7 45 16846.5
3 7 0 17119.7
3 7 15 16781
3 7 30 17099.4
3 7 45 16781
3 7 0 17192.5
3 7 15 17554.1
3 7 30 17227.3
3 7 45 17192.5
3 7 0 18667.7
3 7 15 18261.4
3 7 30 18298.4
3 7 45 18645.6
3 7 0 19012.5
3 7 15 19373.2
3 7 30 19396.2
3 7 45 18974.1
3 7 0 19578.4
3 7 15 19152.2
3 7 30 19191
3 7 45 19555.1
3 7 0 18758.8
3 7 15 18387.6
3 7 30 18350.5
3 7 45 18758.8
3 7 0 17459.7
3 7 15 17848.2
3 7 30 17495
3 7 45 17827
3 7 0 18083.3
3 7 15 18485.6
3 7 30 18119.9
3 7 45 18463.7
3 7 0 18298.4
3 7 15 18261.4
3 7 30 18667.7
3 7 45 18645.6
3 7 0 18209.1
3 7 15 18576.7
3 7 30 18554.6
3 7 45 18554.6
3 7 0 18298.4
3 7 15 18261.4
3 7 30 18645.6
3 7 45 18667.7
3 7 0 18172.4
3 7 15 18554.6
3 7 30 18576.7
3 7 45 18209.1
3 7 0 18736.5
3 7 15 18350.5
3 7 30 18758.8
3 7 45 18387.6
3 7 0 19123.1
3 7 15 18706.8
3 7 30 18744.7
3 7 45 19100.4
3 7 0 18645.6
3 7 15 18667.7
3 7 30 18261.4
3 7 45 18667.7
3 7 0 18485.6
3 7 15 18083.3
3 7 30 18119.9
3 7 45 18463.7
3 7 0 18706.8
3 7 15 19100.4
3 7 30 18744.7
3 7 45 19123.1
3 7 0 18298.4
3 7 15 18645.6
3 7 30 18667.7
3 7 45 18298.4
