3 18 0 14013.3
3 18 15 14013.3
3 18 30 14325.1
3 18 45 14041.7
3 18 0 13574.4
3 18 15 13294.7
3 18 30 13321.6
3 18 45 13321.6
3 18 0 13207.5
3 18 15 12961.5
3 18 30 12935.4
3 18 45 13223.2
3 18 0 13002.8
3 18 15 12719.8
3 18 30 12987.4
3 18 45 12745.5
3 18 0 13033.6
3 18 15 13007.2
3 18 30 13280.9
3 18 45 13296.6
3 18 0 13294.7
3 18 15 13321.6
3 18 30 13590.5
3 18 45 13590.5
3 18 0 13510.3
3 18 15 13794.5
3 18 30 13810.9
3 18 45 13794.5
3 18 0 14178.2
3 18 15 13897.7
3 18 30 14161.4
3 18 45 14178.2
3 18 0 14732
3 18 15 15059.7
3 18 30 15041.9
3 18 45 14732
3 18 0 15628.9
3 18 15 15647.4
3 18 30 15337.8
3 18 45 15337.8
3 18 0 15794.4
3 18 15 15775.6
3 18 30 15481.8
3 18 45 15450.6
3 18 0 14803.8
3 18 15 15115.2
3 18 30 15133.2
3 18 45 14833.8
3 18 0 14085.2
3 18 15 14113.7
3 18 30 14381.5
3 18 45 14398.6
3 18 0 14617.7
3 18 15 14895.1
3 18 30 14912.8
3 18 45 14588.2
3 18 0 15059.7
3 18 15 14732
3 18 30 14761.8
3 18 45 15041.9
3 18 0 14660.1
3 18 15 14986.3
3 18 30 14689.8
3 18 45 14968.5
3 18 0 14761.8
3 18 15 15059.7
3 18 30 14732
3 18 45 15041.9
3 18 0 14986.3
3 18 15 14660.1
3 18 30 14968.5
3 18 45 14689.8
3 18 0 14833.8
3 18 15 15133.2
3 18 30 14803.8
3 18 45 15115.2
3 18 0 15427.1
3 18 15 15091.3
3 18 30 15408.7
3 18 45 15121.8
3 18 0 14761.8
3 18 15 15059.7
3 18 30 14732
3 18 45 15041.9
3 18 0 14588.2
3 18 15 14895.1
3 18 30 14912.8
3 18 45 14617.7
3 18 0 15091.3
3 18 15 15408.7
3 18 30 15427.1
3 18 45 15121.8
3 18 0 15041.9
3 18 15 15059.7
3 18 30 14732
3 18 45 14761.8
