3 13 0 15928.8
3 13 15 15961
3 13 30 16263.9
3 13 45 16283.2
3 13 0 15429.8
3 13 15 15448.2
3 13 30 15112
3 13 45 15142.5
3 13 0 14703.5
3 13 15 14733.3
3 13 30 15030.7
3 13 45 15012.8
3 13 0 14762.6
3 13 15 14762.6
3 13 30 14458.5
3 13 45 14487.7
3 13 0 14815.1
3 13 15 15096.2
3 13 30 15114.2
3 13 45 14785.2
3 13 0 15112
3 13 15 15448.2
3 13 30 15429.8
3 13 45 15142.5
3 13 0 15680.1
3 13 15 15388.1
3 13 30 15698.7
3 13 45 15698.7
3 13 0 16097.1
3 13 15 15765.4
3 13 30 15797.3
3 13 45 16116.2
3 13 0 16779.6
3 13 15 17118.3
3 13 30 16745.7
3 13 45 17097.9
3 13 0 17434.4
3 13 15 17399.2
3 13 30 17765.2
3 13 45 17786.3
3 13 0 17932
3 13 15 17562.5
3 13 30 17953.3
3 13 45 17598.1
3 13 0 16827.4
3 13 15 17181.3
3 13 30 16861.4
3 13 45 17201.8
3 13 0 16042.9
3 13 15 16010.5
3 13 30 16366.7
3 13 45 16010.5
3 13 0 16951.3
3 13 15 16931.1
3 13 30 16582.3
3 13 45 16615.8
3 13 0 17097.9
3 13 15 16745.7
3 13 30 17118.3
3 13 45 16779.6
3 13 0 17014.5
3 13 15 16697.7
3 13 30 16664
3 13 45 17034.8
3 13 0 16779.6
3 13 15 17118.3
3 13 30 17097.9
3 13 45 16745.7
3 13 0 17014.5
3 13 15 16664
3 13 30 17034.8
3 13 45 16697.7
3 13 0 16861.4
3 13 15 17181.3
3 13 30 16827.4
3 13 45 17201.8
3 13 0 17188.8
3 13 15 17515
3 13 30 17154.1
3 13 45 17535.8
3 13 0 17118.3
3 13 15 16745.7
3 13 30 16779.6
3 13 45 17097.9
3 13 0 16951.3
3 13 15 16931.1
3 13 30 16582.3
3 13 45 16582.3
3 13 0 17154.1
3 13 15 17515
3 13 30 17188.8
3 13 45 17535.8
3 13 0 16779.6
3 13 15 17097.9
3 13 30 16745.7
3 13 45 17118.3
