3 23 0 15739.6
3 23 15 15771.5
3 23 30 15771.5
3 23 45 16070.7
3 23 0 15264.7
3 23 15 15246.6
3 23 30 15246.6
3 23 45 15264.7
3 23 0 14852.1
3 23 15 14528.9
3 23 30 14834.5
3 23 45 14558.3
3 23 0 14587.3
3 23 15 14604.6
3 23 30 14315.6
3 23 45 14286.7
3 23 0 14639.2
3 23 15 14934.7
3 23 30 14639.2
3 23 45 14609.6
3 23 0 14932.5
3 23 15 15264.7
3 23 30 14932.5
3 23 45 15246.6
3 23 0 15174.6
3 23 15 15512.2
3 23 30 15493.8
3 23 45 15205.3
3 23 0 15924.8
3 23 15 15609.7
3 23 30 15905.9
3 23 45 15578.2
3 23 0 16546.8
3 23 15 16580.3
3 23 30 16894.9
3 23 45 16914.9
3 23 0 17227.3
3 23 15 17554.2
3 23 30 17575
3 23 45 17192.5
3 23 0 17353.9
3 23 15 17719
3 23 30 17389
3 23 45 17740.1
3 23 0 16977.3
3 23 15 16661.1
3 23 30 16627.5
3 23 45 16997.4
3 23 0 16172.3
3 23 15 16153.1
3 23 30 15852.3
3 23 45 15820.3
3 23 0 16418.5
3 23 15 16730
3 23 30 16749.9
3 23 45 16385.4
3 23 0 16546.8
3 23 15 16914.9
3 23 30 16580.3
3 23 45 16894.9
3 23 0 16812.4
3 23 15 16499.4
3 23 30 16466.1
3 23 45 16832.4
3 23 0 16546.8
3 23 15 16914.9
3 23 30 16894.9
3 23 45 16914.9
3 23 0 16812.4
3 23 15 16466.1
3 23 30 16499.4
3 23 45 16466.1
3 23 0 16977.3
3 23 15 16627.5
3 23 30 16661.1
3 23 45 16627.5
3 23 0 17327.5
3 23 15 17306.9
3 23 30 16984.6
3 23 45 16950.4
3 23 0 16546.8
3 23 15 16914.9
3 23 30 16894.9
3 23 45 16894.9
3 23 0 16730
3 23 15 16418.5
3 23 30 16749.9
3 23 45 16385.4
3 23 0 16984.6
3 23 15 16950.4
3 23 30 17327.5
3 23 45 17306.9
3 23 0 16580.3
3 23 15 16894.9
3 23 30 16914.9
3 23 45 16546.8
