3 10 0 16948.8
3 10 15 16599.6
3 10 30 16633.2
3 10 45 16633.2
3 10 0 15780.2
3 10 15 15748.3
3 10 30 16098.7
3 10 45 16079.6
3 10 0 15663.6
3 10 15 15322.7
3 10 30 15353.7
3 10 45 15645
3 10 0 15402.6
3 10 15 15097.8
3 10 30 15384.3
3 10 45 15067.3
3 10 0 15750.6
3 10 15 15439
3 10 30 15731.9
3 10 45 15750.6
3 10 0 15780.2
3 10 15 15748.3
3 10 30 16079.6
3 10 45 15748.3
3 10 0 16340.4
3 10 15 16359.8
3 10 30 16003.7
3 10 45 16340.4
3 10 0 16429.3
3 10 15 16462.6
3 10 30 16794.9
3 10 45 16775
3 10 0 17450.9
3 10 15 17486.2
3 10 30 17839.1
3 10 45 17818
3 10 0 18513.3
3 10 15 18131.9
3 10 30 18168.5
3 10 45 18535.3
3 10 0 18687.1
3 10 15 18302.1
3 10 30 18339.1
3 10 45 18709.3
3 10 0 17536
3 10 15 17571.5
3 10 30 17904.9
3 10 45 17926.2
3 10 0 17035.7
3 10 15 17055.9
3 10 30 16684.7
3 10 45 16718.5
3 10 0 17644.1
3 10 15 17315.6
3 10 30 17280.6
3 10 45 17665.1
3 10 0 17839.1
3 10 15 17486.2
3 10 30 17818
3 10 45 17450.9
3 10 0 17752.1
3 10 15 17365.7
3 10 30 17731
3 10 45 17400.9
3 10 0 17818
3 10 15 17839.1
3 10 30 17486.2
3 10 45 17450.9
3 10 0 17752.1
3 10 15 17731
3 10 30 17365.7
3 10 45 17400.9
3 10 0 17926.2
3 10 15 17904.9
3 10 30 17571.5
3 10 45 17536
3 10 0 18252.5
3 10 15 18274.2
3 10 30 17912.7
3 10 45 17876.5
3 10 0 17450.9
3 10 15 17818
3 10 30 17486.2
3 10 45 17839.1
3 10 0 17665.1
3 10 15 17644.1
3 10 30 17280.6
3 10 45 17315.6
3 10 0 18274.2
3 10 15 17912.7
3 10 30 18252.5
3 10 45 17876.5
3 10 0 17486.2
3 10 15 17450.9
3 10 30 17839.1
3 10 45 17818
