3 20 0 15980.7
3 20 15 15683.2
3 20 30 15651.5
3 20 45 15999.7
3 20 0 15179.2
3 20 15 15179.2
3 20 30 14878.9
3 20 45 14848.9
3 20 0 14476.8
3 20 15 14447.5
3 20 30 14751.5
3 20 45 14769
3 20 0 14522.8
3 20 15 14235.5
3 20 30 14206.7
3 20 45 14235.5
3 20 0 14851
3 20 15 14527.8
3 20 30 14557.2
3 20 45 14833.4
3 20 0 14848.9
3 20 15 15161.2
3 20 30 14878.9
3 20 45 15179.2
3 20 0 15089.7
3 20 15 15425.4
3 20 30 15120.2
3 20 45 15407.1
3 20 0 15491
3 20 15 15835.6
3 20 30 15522.3
3 20 45 15816.8
3 20 0 16800.3
3 20 15 16487.4
3 20 30 16820.2
3 20 45 16800.3
3 20 0 17130.8
3 20 15 17476.6
3 20 30 17096.3
3 20 45 17455.9
3 20 0 17619.8
3 20 15 17291.7
3 20 30 17640.7
3 20 45 17291.7
3 20 0 16902.3
3 20 15 16567.9
3 20 30 16534.4
3 20 45 16882.2
3 20 0 16081.8
3 20 15 15763.6
3 20 30 15731.8
3 20 45 16062.7
3 20 0 16326.6
3 20 15 16656.1
3 20 30 16636.4
3 20 45 16293.6
3 20 0 16800.3
3 20 15 16454.1
3 20 30 16820.2
3 20 45 16487.4
3 20 0 16373.9
3 20 15 16718.3
3 20 30 16738.2
3 20 45 16407
3 20 0 16820.2
3 20 15 16800.3
3 20 30 16454.1
3 20 45 16487.4
3 20 0 16373.9
3 20 15 16718.3
3 20 30 16738.2
3 20 45 16407
3 20 0 16567.9
3 20 15 16534.4
3 20 30 16902.3
3 20 45 16882.2
3 20 0 16855.5
3 20 15 17210
3 20 30 17230.5
3 20 45 16889.6
3 20 0 16487.4
3 20 15 16820.2
3 20 30 16800.3
3 20 45 16454.1
3 20 0 16326.6
3 20 15 16656.1
3 20 30 16293.6
3 20 45 16636.4
3 20 0 16889.6
3 20 15 17230.5
3 20 30 17210
3 20 45 16855.5
3 20 0 16487.4
3 20 15 16454.1
3 20 30 16820.2
3 20 45 16800.3
