3 28 0 16188.8
3 28 15 16208
3 28 30 15855.3
3 28 45 16188.8
3 28 0 15042.2
3 28 15 15072.6
3 28 30 15042.2
3 28 45 15376.9
3 28 0 14961.3
3 28 15 14943.5
3 28 30 14665.2
3 28 45 14943.5
3 28 0 14694.4
3 28 15 14391.7
3 28 30 14711.9
3 28 45 14391.7
3 28 0 15044.4
3 28 15 14716.9
3 28 30 14746.7
3 28 45 14746.7
3 28 0 15072.6
3 28 15 15042.2
3 28 30 15376.9
3 28 45 15072.6
3 28 0 15317
3 28 15 15626.2
3 28 30 15607.7
3 28 45 15317
3 28 0 16022.8
3 28 15 15724.4
3 28 30 15692.7
3 28 45 16041.8
3 28 0 17019
3 28 15 16668.4
3 28 30 17039.2
3 28 45 16702.1
3 28 0 17318.8
3 28 15 17704.2
3 28 30 17353.9
3 28 45 17318.8
3 28 0 17849.2
3 28 15 17870.4
3 28 30 17516.8
3 28 45 17481.5
3 28 0 17122.3
3 28 15 16783.5
3 28 30 16749.7
3 28 45 17102
3 28 0 16291.2
3 28 15 15968.8
3 28 30 15936.6
3 28 45 16271.8
3 28 0 16873
3 28 15 16505.7
3 28 30 16539.1
3 28 45 16852.9
3 28 0 17039.2
3 28 15 16668.4
3 28 30 16702.1
3 28 45 17019
3 28 0 16936
3 28 15 16620.6
3 28 30 16956.1
3 28 45 16587.1
3 28 0 17019
3 28 15 17039.2
3 28 30 16668.4
3 28 45 17019
3 28 0 16587.1
3 28 15 16956.1
3 28 30 16936
3 28 45 16956.1
3 28 0 17102
3 28 15 16783.5
3 28 30 16749.7
3 28 45 17122.3
3 28 0 17454.8
3 28 15 17074.9
3 28 30 17434.1
3 28 45 17109.4
3 28 0 16702.1
3 28 15 17039.2
3 28 30 16668.4
3 28 45 17019
3 28 0 16852.9
3 28 15 16505.7
3 28 30 16539.1
3 28 45 16873
3 28 0 17074.9
3 28 15 17434.1
3 28 30 17109.4
3 28 45 17454.8
3 28 0 17019
3 28 15 17039.2
3 28 30 16668.4
3 28 45 17019
