3 11 0 15473.3
3 11 15 15785.7
3 11 30 15766.9
3 11 45 15766.9
3 11 0 14976.1
3 11 15 14650.2
3 11 30 14679.8
3 11 45 14650.2
3 11 0 14283.1
3 11 15 14254.2
3 11 30 14554.1
3 11 45 14254.2
3 11 0 14045
3 11 15 14311.5
3 11 30 14328.5
3 11 45 14045
3 11 0 14634.9
3 11 15 14333.4
3 11 30 14652.3
3 11 45 14362.4
3 11 0 14679.8
3 11 15 14976.1
3 11 30 14958.4
3 11 45 14650.2
3 11 0 15200.9
3 11 15 14887.8
3 11 30 15219
3 11 45 15219
3 11 0 15283.7
3 11 15 15314.6
3 11 30 15605.2
3 11 45 15623.8
3 11 0 16595.2
3 11 15 16234
3 11 30 16575.5
3 11 45 16234
3 11 0 17242.8
3 11 15 17222.3
3 11 30 16867.5
3 11 45 16901.6
3 11 0 17404.7
3 11 15 17025.9
3 11 30 17060.3
3 11 45 17384
3 11 0 16313.2
3 11 15 16656.3
3 11 30 16676.1
3 11 45 16346.2
3 11 0 15866.6
3 11 15 15521.3
3 11 30 15847.8
3 11 45 15552.7
3 11 0 16108.1
3 11 15 16433.3
3 11 30 16108.1
3 11 45 16413.8
3 11 0 16234
3 11 15 16595.2
3 11 30 16266.8
3 11 45 16575.5
3 11 0 16187.5
3 11 15 16514.2
3 11 30 16154.8
3 11 45 16494.6
3 11 0 16595.2
3 11 15 16266.8
3 11 30 16575.5
3 11 45 16234
3 11 0 16154.8
3 11 15 16494.6
3 11 30 16514.2
3 11 45 16187.5
3 11 0 16346.2
3 11 15 16676.1
3 11 30 16656.3
3 11 45 16676.1
3 11 0 16663.6
3 11 15 16999.9
3 11 30 16629.9
3 11 45 16979.8
3 11 0 16234
3 11 15 16575.5
3 11 30 16266.8
3 11 45 16595.2
3 11 0 16413.8
3 11 15 16433.3
3 11 30 16075.6
3 11 45 16108.1
3 11 0 16999.9
3 11 15 16663.6
3 11 30 16629.9
3 11 45 16979.8
3 11 0 16234
3 11 15 16595.2
3 11 30 16266.8
3 11 45 16575.5
