3 9 0 17227.7
3 9 15 16906.9
3 9 30 17248.2
3 9 45 17248.2
3 9 0 16344.2
3 9 15 16344.2
3 9 30 16007.5
3 9 45 16007.5
3 9 0 15902.5
3 9 15 15574.9
3 9 30 15606.4
3 9 45 15921.4
3 9 0 15656
3 9 15 15346.3
3 9 30 15315.3
3 9 45 15637.4
3 9 0 15661.4
3 9 15 15693.1
3 9 30 16009.8
3 9 45 15693.1
3 9 0 16039.9
3 9 15 16363.6
3 9 30 16007.5
3 9 45 16344.2
3 9 0 16609.3
3 9 15 16267.1
3 9 30 16629
3 9 45 16300
3 9 0 16699.7
3 9 15 16733.5
3 9 30 17051
3 9 45 16699.7
3 9 0 17738
3 9 15 18132.7
3 9 30 17773.9
3 9 45 18132.7
3 9 0 18840.3
3 9 15 18430.2
3 9 30 18817.9
3 9 45 18467.5
3 9 0 18603.3
3 9 15 18994.6
3 9 30 18640.9
3 9 45 19017.2
3 9 0 17860.6
3 9 15 17824.6
3 9 30 18199.5
3 9 45 18221.1
3 9 0 17336.6
3 9 15 17316
3 9 30 16993.6
3 9 45 16959.3
3 9 0 17934.5
3 9 15 17955.8
3 9 30 17600.5
3 9 45 17565
3 9 0 17773.9
3 9 15 18132.7
3 9 30 18111.2
3 9 45 17738
3 9 0 18044.2
3 9 15 18022.8
3 9 30 17687.2
3 9 45 17651.5
3 9 0 17738
3 9 15 18132.7
3 9 30 18111.2
3 9 45 17773.9
3 9 0 17651.5
3 9 15 18022.8
3 9 30 17687.2
3 9 45 18044.2
3 9 0 17824.6
3 9 15 17860.6
3 9 30 18199.5
3 9 45 18221.1
3 9 0 18574.9
3 9 15 18170.7
3 9 30 18552.9
3 9 45 18207.4
3 9 0 17773.9
3 9 15 18132.7
3 9 30 17738
3 9 45 18111.2
3 9 0 17955.8
3 9 15 17600.5
3 9 30 17565
3 9 45 17934.5
3 9 0 18574.9
3 9 15 18170.7
3 9 30 18207.4
3 9 45 18552.9
3 9 0 17738
3 9 15 18132.7
3 9 30 18111.2
3 9 45 17773.9
