3 15 0 16098.3
3 15 15 16456.5
3 15 30 16437
3 15 45 16130.9
3 15 0 15272.8
3 15 15 15303.7
3 15 30 15612.6
3 15 45 15594
3 15 0 14890
3 15 15 14860
3 15 30 15190.6
3 15 45 15172.6
3 15 0 14937.4
3 15 15 14612.3
3 15 30 14641.9
3 15 45 14919.7
3 15 0 14942.5
3 15 15 14972.8
3 15 30 15256.9
3 15 45 15275
3 15 0 15303.7
3 15 15 15612.6
3 15 30 15272.8
3 15 45 15272.8
3 15 0 15520.4
3 15 15 15846.9
3 15 30 15551.8
3 15 45 15865.8
3 15 0 16287.7
3 15 15 15933.2
3 15 30 16268.4
3 15 45 16287.7
3 15 0 17300.4
3 15 15 16923.9
3 15 30 17279.9
3 15 45 17279.9
3 15 0 17619.9
3 15 15 17954.2
3 15 30 17584.3
3 15 45 17975.6
3 15 0 17785.3
3 15 15 17749.4
3 15 30 18144.3
3 15 45 18122.8
3 15 0 17040.8
3 15 15 17364.2
3 15 30 17384.8
3 15 45 17040.8
3 15 0 16540.9
3 15 15 16213.6
3 15 30 16180.9
3 15 45 16521.3
3 15 0 16758.8
3 15 15 16792.7
3 15 30 17131.6
3 15 45 17111.3
3 15 0 17300.4
3 15 15 16958.1
3 15 30 16923.9
3 15 45 17279.9
3 15 0 16841.3
3 15 15 17195.6
3 15 30 16875.4
3 15 45 17216
3 15 0 16923.9
3 15 15 17300.4
3 15 30 16958.1
3 15 45 17279.9
3 15 0 17216
3 15 15 16841.3
3 15 30 17195.6
3 15 45 16875.4
3 15 0 17040.8
3 15 15 17384.8
3 15 30 17364.2
3 15 45 17006.4
3 15 0 17371.7
3 15 15 17722.4
3 15 30 17336.7
3 15 45 17701.3
3 15 0 16958.1
3 15 15 16923.9
3 15 30 17300.4
3 15 45 17279.9
3 15 0 16758.8
3 15 15 17111.3
3 15 30 17131.6
3 15 45 16792.7
3 15 0 17371.7
3 15 15 17701.3
3 15 30 17722.4
3 15 45 17336.7
3 15 0 17300.4
3 15 15 16923.9
3 15 30 17279.9
3 15 45 16958.1
