3 27 0 16225.4
3 27 15 15872.2
3 27 30 16225.4
3 27 45 16206.1
3 27 0 15058.3
3 27 15 15375
3 27 30 15088.7
3 27 45 15058.3
3 27 0 14651.3
3 27 15 14680.9
3 27 30 14959.5
3 27 45 14680.9
3 27 0 14436.3
3 27 15 14727.7
3 27 30 14727.7
3 27 45 14710.2
3 27 0 15042.6
3 27 15 14732.7
3 27 30 14762.5
3 27 45 15060.5
3 27 0 15058.3
3 27 15 15393.3
3 27 30 15375
3 27 45 15375
3 27 0 15333.4
3 27 15 15642.9
3 27 30 15302.5
3 27 45 15333.4
3 27 0 16059
3 27 15 16039.9
3 27 30 15741.2
3 27 45 15709.4
3 27 0 16686.2
3 27 15 16720
3 27 30 17057.5
3 27 45 17037.2
3 27 0 17702.1
3 27 15 17372.4
3 27 30 17723.1
3 27 45 17337.4
3 27 0 17500.2
3 27 15 17535.6
3 27 30 17889.5
3 27 45 17868.3
3 27 0 16767.6
3 27 15 17120.3
3 27 30 17140.7
3 27 45 16801.5
3 27 0 16289.2
3 27 15 15985.9
3 27 30 15953.6
3 27 45 16308.6
3 27 0 16891
3 27 15 16523.4
3 27 30 16556.8
3 27 45 16871
3 27 0 16686.2
3 27 15 17057.5
3 27 30 17037.2
3 27 45 16720
3 27 0 16974.3
3 27 15 16954.1
3 27 30 16638.4
3 27 45 16604.8
3 27 0 17057.5
3 27 15 16720
3 27 30 16686.2
3 27 45 17037.2
3 27 0 16974.3
3 27 15 16638.4
3 27 30 16604.8
3 27 45 16974.3
3 27 0 16767.6
3 27 15 16801.5
3 27 30 17120.3
3 27 45 17140.7
3 27 0 17473.5
3 27 15 17452.7
3 27 30 17093.2
3 27 45 17127.8
3 27 0 17057.5
3 27 15 16686.2
3 27 30 16720
3 27 45 16686.2
3 27 0 16891
3 27 15 16523.4
3 27 30 16871
3 27 45 16556.8
3 27 0 17473.5
3 27 15 17452.7
3 27 30 17093.2
3 27 45 17127.8
3 27 0 16720
3 27 15 16686.2
3 27 30 17057.5
3 27 45 16720
