3 4 0 15487.3
3 4 15 15487.3
3 4 30 15831.9
3 4 45 15518.7
3 4 0 15002.2
3 4 15 15020
3 4 30 14722.8
3 4 45 14693.1
3 4 0 14614.1
3 4 15 14596.7
3 4 30 14324.9
3 4 45 14596.7
3 4 0 14353.4
3 4 15 14086.2
3 4 30 14370.5
3 4 45 14370.5
3 4 0 14375.4
3 4 15 14677.8
3 4 30 14404.5
3 4 45 14677.8
3 4 0 14693.1
3 4 15 15020
3 4 30 15002.2
3 4 45 14722.8
3 4 0 15263.6
3 4 15 14931.4
3 4 30 14961.6
3 4 45 15245.5
3 4 0 15650.9
3 4 15 15328.5
3 4 30 15359.5
3 4 45 15669.5
3 4 0 16281.5
3 4 15 16643.8
3 4 30 16314.5
3 4 45 16624
3 4 0 17293.3
3 4 15 16951.1
3 4 30 16916.9
3 4 45 17272.8
3 4 0 17455.7
3 4 15 17110.3
3 4 30 17455.7
3 4 45 17435
3 4 0 16705.1
3 4 15 16394.1
3 4 30 16361
3 4 45 16725
3 4 0 15566.7
3 4 15 15598.2
3 4 30 15913.1
3 4 45 15894.2
3 4 0 16155.3
3 4 15 16461.9
3 4 30 16481.4
3 4 45 16122.7
3 4 0 16314.5
3 4 15 16281.5
3 4 30 16624
3 4 45 16281.5
3 4 0 16562.6
3 4 15 16202.1
3 4 30 16542.9
3 4 45 16202.1
3 4 0 16281.5
3 4 15 16624
3 4 30 16314.5
3 4 45 16281.5
3 4 0 16202.1
3 4 15 16542.9
3 4 30 16562.6
3 4 45 16234.9
3 4 0 16705.1
3 4 15 16725
3 4 30 16394.1
3 4 45 16394.1
3 4 0 17049.7
3 4 15 17029.5
3 4 30 16712.4
3 4 45 16678.7
3 4 0 16643.8
3 4 15 16314.5
3 4 30 16281.5
3 4 45 16643.8
3 4 0 16155.3
3 4 15 16461.9
3 4 30 16122.7
3 4 45 16481.4
3 4 0 16678.7
3 4 15 17029.5
3 4 30 16712.4
3 4 45 17049.7
3 4 0 16281.5
3 4 15 16624
3 4 30 16643.8
3 4 45 16314.5
