3 30 0 15376.4
3 30 15 15686.8
3 30 30 15345.4
3 30 45 15668.2
3 30 0 14864.7
3 30 15 14882.4
3 30 30 14587.9
3 30 45 14882.4
3 30 0 14480.1
3 30 15 14165
3 30 30 14193.6
3 30 45 14165
3 30 0 14221.9
3 30 15 13928.9
3 30 30 14238.8
3 30 45 13957.1
3 30 0 14272.5
3 30 15 14560.6
3 30 30 14243.7
3 30 45 14243.7
3 30 0 14558.4
3 30 15 14882.4
3 30 30 14587.9
3 30 45 14864.7
3 30 0 15105.7
3 30 15 14794.5
3 30 30 15123.7
3 30 45 14824.5
3 30 0 15218.7
3 30 15 15507.5
3 30 30 15525.9
3 30 45 15188
3 30 0 16471.7
3 30 15 16132.3
3 30 30 16165
3 30 45 16491.3
3 30 0 16761.9
3 30 15 17134.8
3 30 30 16795.8
3 30 45 17114.5
3 30 0 17275.2
3 30 15 16953.5
3 30 30 16919.3
3 30 45 17295.7
3 30 0 16211
3 30 15 16243.8
3 30 30 16552
3 30 45 16571.7
3 30 0 15767.3
3 30 15 15748.5
3 30 30 15424.1
3 30 45 15455.3
3 30 0 16007.3
3 30 15 16311
3 30 30 15974.9
3 30 45 16330.4
3 30 0 16491.3
3 30 15 16132.3
3 30 30 16471.7
3 30 45 16165
3 30 0 16410.8
3 30 15 16391.3
3 30 30 16086.1
3 30 45 16053.6
3 30 0 16471.7
3 30 15 16491.3
3 30 30 16165
3 30 45 16132.3
3 30 0 16086.1
3 30 15 16053.6
3 30 30 16410.8
3 30 45 16391.3
3 30 0 16211
3 30 15 16552
3 30 30 16571.7
3 30 45 16243.8
3 30 0 16525.8
3 30 15 16559.2
3 30 30 16893.5
3 30 45 16873.4
3 30 0 16132.3
3 30 15 16471.7
3 30 30 16165
3 30 45 16491.3
3 30 0 15974.9
3 30 15 16007.3
3 30 30 16311
3 30 45 16330.4
3 30 0 16893.5
3 30 15 16873.4
3 30 30 16525.8
3 30 45 16559.2
3 30 0 16132.3
3 30 15 16471.7
3 30 30 16165
3 30 45 16491.3
