3 21 0 15657.1
3 21 15 16005.5
3 21 30 16005.5
3 21 45 15688.8
3 21 0 15166.7
3 21 15 14884.2
3 21 30 15166.7
3 21 45 14854.2
3 21 0 14756.7
3 21 15 14482
3 21 30 14452.7
3 21 45 14774.3
3 21 0 14211.8
3 21 15 14510.8
3 21 30 14528
3 21 45 14240.6
3 21 0 14856.4
3 21 15 14562.4
3 21 30 14533
3 21 45 14838.7
3 21 0 15184.7
3 21 15 14854.2
3 21 30 15166.7
3 21 45 15166.7
3 21 0 15095.1
3 21 15 15125.6
3 21 30 15412.6
3 21 45 15125.6
3 21 0 15822.5
3 21 15 15496.5
3 21 30 15841.3
3 21 45 15527.9
3 21 0 16826.3
3 21 15 16806.3
3 21 30 16460
3 21 45 16493.3
3 21 0 17102.4
3 21 15 17482.9
3 21 30 17137
3 21 45 17462.1
3 21 0 17263
3 21 15 17297.9
3 21 30 17647.1
3 21 45 17626.1
3 21 0 16540.3
3 21 15 16908.3
3 21 30 16888.3
3 21 45 16573.8
3 21 0 16068.5
3 21 15 15737.4
3 21 30 16087.6
3 21 45 15769.2
3 21 0 16662.1
3 21 15 16332.4
3 21 30 16299.5
3 21 45 16642.3
3 21 0 16826.3
3 21 15 16806.3
3 21 30 16493.3
3 21 45 16460
3 21 0 16744.2
3 21 15 16412.9
3 21 30 16379.8
3 21 45 16744.2
3 21 0 16826.3
3 21 15 16493.3
3 21 30 16460
3 21 45 16806.3
3 21 0 16379.8
3 21 15 16744.2
3 21 30 16724.3
3 21 45 16379.8
3 21 0 16888.3
3 21 15 16540.3
3 21 30 16908.3
3 21 45 16573.8
3 21 0 17236.7
3 21 15 17216.2
3 21 30 16895.6
3 21 45 16861.5
3 21 0 16493.3
3 21 15 16806.3
3 21 30 16460
3 21 45 16826.3
3 21 0 16662.1
3 21 15 16332.4
3 21 30 16299.5
3 21 45 16642.3
3 21 0 16861.5
3 21 15 16895.6
3 21 30 17236.7
3 21 45 17216.2
3 21 0 16493.3
3 21 15 16460
3 21 30 16806.3
3 21 45 16806.3
