3 26 0 13484.6
3 26 15 13191.1
3 26 30 13191.1
3 26 45 13484.6
3 26 0 12514.7
3 26 15 12777.9
3 26 30 12540
3 26 45 12540
3 26 0 12201.1
3 26 15 12432.6
3 26 30 12447.4
3 26 45 12201.1
3 26 0 11973.5
3 26 15 12225.4
3 26 30 11997.7
3 26 45 12239.9
3 26 0 12268.8
3 26 15 12501.6
3 26 30 12244.1
3 26 45 12501.6
3 26 0 12793.1
3 26 15 12777.9
3 26 30 12514.7
3 26 45 12793.1
3 26 0 13000.6
3 26 15 12717.6
3 26 30 12985.1
3 26 45 12743.3
3 26 0 13082.3
3 26 15 13330.5
3 26 30 13055.8
3 26 45 13055.8
3 26 0 13867.6
3 26 15 13895.7
3 26 30 14159.3
3 26 45 13895.7
3 26 0 14437.9
3 26 15 14729.4
3 26 30 14711.9
3 26 45 14408.8
3 26 0 14573.5
3 26 15 14867.7
3 26 30 14544.1
3 26 45 14850
3 26 0 14245.3
3 26 15 14228.4
3 26 30 13963.4
3 26 45 14245.3
3 26 0 13258.8
3 26 15 13537.7
3 26 30 13553.8
3 26 45 13553.8
3 26 0 13732.3
3 26 15 14021.2
3 26 30 14037.8
3 26 45 13732.3
3 26 0 14176.2
3 26 15 13867.6
3 26 30 14159.3
3 26 45 13895.7
3 26 0 14107
3 26 15 13827.9
3 26 30 14090.3
3 26 45 13800
3 26 0 13895.7
3 26 15 14176.2
3 26 30 13867.6
3 26 45 14159.3
3 26 0 14107
3 26 15 13827.9
3 26 30 14090.3
3 26 45 14090.3
3 26 0 14245.3
3 26 15 14228.4
3 26 30 13963.4
3 26 45 14245.3
3 26 0 14504.7
3 26 15 14234.6
3 26 30 14521.9
3 26 45 14205.8
3 26 0 14159.3
3 26 15 13895.7
3 26 30 14176.2
3 26 45 13867.6
3 26 0 13732.3
3 26 15 13760.1
3 26 30 14021.2
3 26 45 13760.1
3 26 0 14205.8
3 26 15 14521.9
3 26 30 14504.7
3 26 45 14234.6
3 26 0 13895.7
3 26 15 14159.3
3 26 30 14176.2
3 26 45 13867.6
