3 24 0 16003.2
3 24 15 15705.2
3 24 30 15673.5
3 24 45 16003.2
3 24 0 15200.6
3 24 15 14899.8
3 24 30 15182.6
3 24 45 14899.8
3 24 0 14467.9
3 24 15 14497.1
3 24 30 14789.8
3 24 45 14789.8
3 24 0 14526
3 24 15 14226.8
3 24 30 14526
3 24 45 14226.8
3 24 0 14854.3
3 24 15 14871.9
3 24 30 14548.3
3 24 45 14577.7
3 24 0 14869.8
3 24 15 15200.6
3 24 30 15182.6
3 24 45 14899.8
3 24 0 15110.9
3 24 15 15141.5
3 24 30 15428.8
3 24 45 15447.1
3 24 0 15839.1
3 24 15 15544.2
3 24 30 15857.9
3 24 45 15857.9
3 24 0 16843.9
3 24 15 16477.3
3 24 30 16477.3
3 24 45 16477.3
3 24 0 17480.5
3 24 15 17155
3 24 30 17120.3
3 24 45 17155
3 24 0 17665.6
3 24 15 17644.6
3 24 30 17281.1
3 24 45 17316
3 24 0 16557.7
3 24 15 16591.2
3 24 30 16926.1
3 24 45 16906
3 24 0 16104.4
3 24 15 16085.3
3 24 30 15785.8
3 24 45 15785.8
3 24 0 16349.6
3 24 15 16659.8
3 24 30 16316.6
3 24 45 16679.6
3 24 0 16510.6
3 24 15 16477.3
3 24 30 16823.9
3 24 45 16843.9
3 24 0 16761.8
3 24 15 16741.9
3 24 30 16396.9
3 24 45 16430.1
3 24 0 16823.9
3 24 15 16477.3
3 24 30 16843.9
3 24 45 16510.6
3 24 0 16430.1
3 24 15 16741.9
3 24 30 16761.8
3 24 45 16396.9
3 24 0 16557.7
3 24 15 16926.1
3 24 30 16591.2
3 24 45 16906
3 24 0 16879.2
3 24 15 16913.3
3 24 30 17254.7
3 24 45 17234.3
3 24 0 16510.6
3 24 15 16477.3
3 24 30 16823.9
3 24 45 16843.9
3 24 0 16316.6
3 24 15 16349.6
3 24 30 16659.8
3 24 45 16679.6
3 24 0 16879.2
3 24 15 16913.3
3 24 30 17254.7
3 24 45 17234.3
3 24 0 16823.9
3 24 15 16510.6
3 24 30 16843.9
3 24 45 16510.6
