3 5 0 14129.1
3 5 15 14112.4
3 5 30 13821.6
3 5 45 14129.1
3 5 0 13139.3
3 5 15 13112.8
3 5 30 13388.7
3 5 45 13112.8
3 5 0 12784.2
3 5 15 13026.8
3 5 30 13042.3
3 5 45 12784.2
3 5 0 12809.7
3 5 15 12571.1
3 5 30 12545.8
3 5 45 12824.9
3 5 0 13099.2
3 5 15 12829.3
3 5 30 13114.7
3 5 45 13099.2
3 5 0 13112.8
3 5 15 13139.3
3 5 30 13388.7
3 5 45 13404.6
3 5 0 13352.4
3 5 15 13621.9
3 5 30 13605.8
3 5 45 13325.5
3 5 0 13679.9
3 5 15 13707.5
3 5 30 13967.6
3 5 45 13984.2
3 5 0 14836.1
3 5 15 14853.7
3 5 30 14559.8
3 5 45 14853.7
3 5 0 15433.4
3 5 15 15097.5
3 5 30 15128
3 5 45 15415
3 5 0 15578.3
3 5 15 15270
3 5 30 15559.8
3 5 45 15239.2
3 5 0 14630.8
3 5 15 14908.4
3 5 30 14926.2
3 5 45 14601.3
3 5 0 13920.6
3 5 15 14184.7
3 5 30 14201.6
3 5 45 13892.5
3 5 0 14708.8
3 5 15 14388.7
3 5 30 14417.8
3 5 45 14388.7
3 5 0 14853.7
3 5 15 14530.4
3 5 30 14559.8
3 5 45 14836.1
3 5 0 14781.2
3 5 15 14459.5
3 5 30 14488.8
3 5 45 14763.7
3 5 0 14853.7
3 5 15 14836.1
3 5 30 14559.8
3 5 45 14530.4
3 5 0 14459.5
3 5 15 14488.8
3 5 30 14781.2
3 5 45 14763.7
3 5 0 14908.4
3 5 15 14926.2
3 5 30 14630.8
3 5 45 14601.3
3 5 0 15216
3 5 15 14914.9
3 5 30 15197.9
3 5 45 14884.8
3 5 0 14853.7
3 5 15 14530.4
3 5 30 14559.8
3 5 45 14836.1
3 5 0 14417.8
3 5 15 14708.8
3 5 30 14388.7
3 5 45 14691.3
3 5 0 14914.9
3 5 15 14884.8
3 5 30 15216
3 5 45 15197.9
3 5 0 14530.4
3 5 15 14853.7
3 5 30 14836.1
3 5 45 14559.8
