3 16 0 16373.4
3 16 15 16354
3 16 30 16017.1
3 16 45 16354
3 16 0 15195.7
3 16 15 15226.4
3 16 30 15533.8
3 16 45 15515.3
3 16 0 14814.9
3 16 15 15114
3 16 30 15096
3 16 45 14814.9
3 16 0 14844.4
3 16 15 14568
3 16 30 14538.6
3 16 45 14538.6
3 16 0 14897.2
3 16 15 14867.1
3 16 30 15179.9
3 16 45 15197.9
3 16 0 15195.7
3 16 15 15533.8
3 16 30 15226.4
3 16 45 15195.7
3 16 0 15766.9
3 16 15 15473.3
3 16 30 15785.7
3 16 45 15442.1
3 16 0 16205.5
3 16 15 15884.9
3 16 30 15852.8
3 16 45 16186.3
3 16 0 16872.5
3 16 15 17192.7
3 16 30 16838.5
3 16 45 17213.1
3 16 0 17531
3 16 15 17884.8
3 16 30 17863.6
3 16 45 17495.6
3 16 0 17695.6
3 16 15 17659.9
3 16 30 18052.8
3 16 45 18031.3
3 16 0 17297.1
3 16 15 16954.8
3 16 30 16954.8
3 16 45 16920.6
3 16 0 16099.2
3 16 15 16457.4
3 16 30 16131.8
3 16 45 16457.4
3 16 0 16674.2
3 16 15 17045.2
3 16 30 17024.9
3 16 45 17024.9
3 16 0 16838.5
3 16 15 16872.5
3 16 30 17213.1
3 16 45 17192.7
3 16 0 16790.2
3 16 15 17129.1
3 16 30 17108.8
3 16 45 17129.1
3 16 0 17213.1
3 16 15 16838.5
3 16 30 17192.7
3 16 45 16872.5
3 16 0 17108.8
3 16 15 17129.1
3 16 30 16790.2
3 16 45 16756.3
3 16 0 17297.1
3 16 15 16920.6
3 16 30 16954.8
3 16 45 17276.5
3 16 0 17632.9
3 16 15 17612
3 16 30 17284.1
3 16 45 17249.2
3 16 0 16838.5
3 16 15 17213.1
3 16 30 16872.5
3 16 45 17192.7
3 16 0 17024.9
3 16 15 16674.2
3 16 30 16707.9
3 16 45 17045.2
3 16 0 17284.1
3 16 15 17249.2
3 16 30 17632.9
3 16 45 17249.2
3 16 0 16872.5
3 16 15 17213.1
3 16 30 17192.7
3 16 45 16838.5
