3 19 0 13333.4
3 19 15 13085.1
3 19 30 13333.4
3 19 45 13349.2
3 19 0 12664.7
3 19 15 12414.1
3 19 30 12389
3 19 45 12389
3 19 0 12322.4
3 19 15 12307.7
3 19 30 12054.2
3 19 45 12322.4
3 19 0 12117
3 19 15 12102.6
3 19 30 11877.3
3 19 45 11877.3
3 19 0 12376.1
3 19 15 12390.8
3 19 30 12121.1
3 19 45 12145.7
3 19 0 12664.7
3 19 15 12649.6
3 19 30 12389
3 19 45 12389
3 19 0 12589.9
3 19 15 12870
3 19 30 12615.4
3 19 45 12854.8
3 19 0 13196.6
3 19 15 12950.9
3 19 30 12924.8
3 19 45 13212.3
3 19 0 13728.4
3 19 15 14017.2
3 19 30 13756.1
3 19 45 13756.1
3 19 0 14581.5
3 19 15 14264.1
3 19 30 14293
3 19 45 14564.2
3 19 0 14398
3 19 15 14718.4
3 19 30 14427.2
3 19 45 14398
3 19 0 14102.3
3 19 15 13823.2
3 19 30 13823.2
3 19 45 14102.3
3 19 0 13417.7
3 19 15 13401.8
3 19 30 13152.2
3 19 45 13125.7
3 19 0 13594.4
3 19 15 13621.9
3 19 30 13880.4
3 19 45 13880.4
3 19 0 13756.1
3 19 15 14017.2
3 19 30 14033.8
3 19 45 13728.4
3 19 0 13965.4
3 19 15 13948.8
3 19 30 13689
3 19 45 13661.4
3 19 0 14033.8
3 19 15 14017.2
3 19 30 13728.4
3 19 45 13756.1
3 19 0 13948.8
3 19 15 13689
3 19 30 13965.4
3 19 45 13965.4
3 19 0 13795.3
3 19 15 14085.5
3 19 30 13823.2
3 19 45 14102.3
3 19 0 14359
3 19 15 14063.2
3 19 30 14376.1
3 19 45 14091.7
3 19 0 13756.1
3 19 15 14033.8
3 19 30 14017.2
3 19 45 13728.4
3 19 0 13621.9
3 19 15 13594.4
3 19 30 13880.4
3 19 45 13880.4
3 19 0 14063.2
3 19 15 14091.7
3 19 30 14376.1
3 19 45 14359
3 19 0 13756.1
3 19 15 14017.2
3 19 30 13728.4
3 19 45 14033.8
