3 17 0 16249.3
3 17 15 16268.6
3 17 30 16268.6
3 17 45 15946.8
3 17 0 15434.4
3 17 15 15098.4
3 17 30 15129
3 17 45 15416
3 17 0 14690.4
3 17 15 14999.4
3 17 30 14720.1
3 17 45 14690.4
3 17 0 14445.5
3 17 15 14749.4
3 17 30 14766.9
3 17 45 14749.4
3 17 0 15082.7
3 17 15 14801.9
3 17 30 14772
3 17 45 15100.6
3 17 0 15098.4
3 17 15 15416
3 17 30 15434.4
3 17 45 15129
3 17 0 15374.3
3 17 15 15343.3
3 17 30 15684.6
3 17 45 15343.3
3 17 0 15751.3
3 17 15 16082.7
3 17 30 15783.2
3 17 45 15783.2
3 17 0 16764.5
3 17 15 16730.7
3 17 30 17082.6
3 17 45 17102.9
3 17 0 17749.3
3 17 15 17418.8
3 17 30 17770.4
3 17 45 17383.6
3 17 0 17546.8
3 17 15 17937.2
3 17 30 17582.3
3 17 45 17915.9
3 17 0 16846.3
3 17 15 17166
3 17 30 16812.3
3 17 45 17186.4
3 17 0 15996.2
3 17 15 16332.7
3 17 30 16352.1
3 17 45 16028.5
3 17 0 16601
3 17 15 16936.1
3 17 30 16916
3 17 45 16567.5
3 17 0 17082.6
3 17 15 16764.5
3 17 30 17102.9
3 17 45 16730.7
3 17 0 16649.1
3 17 15 16999.3
3 17 30 17019.5
3 17 45 16682.8
3 17 0 17082.6
3 17 15 16764.5
3 17 30 16730.7
3 17 45 17102.9
3 17 0 16999.3
3 17 15 16649.1
3 17 30 16682.8
3 17 45 17019.5
3 17 0 17166
3 17 15 16846.3
3 17 30 16812.3
3 17 45 17186.4
3 17 0 17520.1
3 17 15 17173.4
3 17 30 17499.3
3 17 45 17138.8
3 17 0 16764.5
3 17 15 16730.7
3 17 30 17082.6
3 17 45 17102.9
3 17 0 16916
3 17 15 16601
3 17 30 16936.1
3 17 45 16567.5
3 17 0 17173.4
3 17 15 17499.3
3 17 30 17520.1
3 17 45 17138.8
3 17 0 17102.9
3 17 15 16730.7
3 17 30 17082.6
3 17 45 16764.5
