3 25 0 13792.9
3 25 15 13792.9
3 25 30 14071.3
3 25 45 13765
3 25 0 13059.1
3 25 15 13349.7
3 25 30 13333.9
3 25 45 13059.1
3 25 0 12988.9
3 25 15 12973.5
3 25 30 12731.9
3 25 45 12973.5
3 25 0 12519.7
3 25 15 12772.4
3 25 30 12757.3
3 25 45 12494.4
3 25 0 12776.8
3 25 15 13045.6
3 25 30 13061.1
3 25 45 12802.6
3 25 0 13349.7
3 25 15 13333.9
3 25 30 13059.1
3 25 45 13085.6
3 25 0 13566.2
3 25 15 13297.8
3 25 30 13270.9
3 25 45 13550.1
3 25 0 13910.5
3 25 15 13623.9
3 25 30 13651.4
3 25 45 13927
3 25 0 14500.2
3 25 15 14792.9
3 25 30 14470.9
3 25 45 14470.9
3 25 0 15351.9
3 25 15 15035.7
3 25 30 15066.1
3 25 45 15370.2
3 25 0 15514.5
3 25 15 15176.8
3 25 30 15496.1
3 25 45 15207.5
3 25 0 14570.9
3 25 15 14541.5
3 25 30 14865.1
3 25 45 14847.4
3 25 0 13835.6
3 25 15 13863.6
3 25 30 14143.5
3 25 45 14126.7
3 25 0 14648.6
3 25 15 14358.7
3 25 30 14329.8
3 25 45 14631.2
3 25 0 14792.9
3 25 15 14470.9
3 25 30 14775.3
3 25 45 14792.9
3 25 0 14400.4
3 25 15 14720.8
3 25 30 14429.5
3 25 45 14703.3
3 25 0 14500.2
3 25 15 14775.3
3 25 30 14470.9
3 25 45 14792.9
3 25 0 14400.4
3 25 15 14720.8
3 25 30 14703.3
3 25 45 14429.5
3 25 0 14541.5
3 25 15 14865.1
3 25 30 14570.9
3 25 45 14847.4
3 25 0 15135.7
3 25 15 15153.7
3 25 30 14853.9
3 25 45 14823.9
3 25 0 14775.3
3 25 15 14792.9
3 25 30 14470.9
3 25 45 14500.2
3 25 0 14631.2
3 25 15 14358.7
3 25 30 14329.8
3 25 45 14358.7
3 25 0 14823.9
3 25 15 14853.9
3 25 30 15135.7
3 25 45 15135.7
3 25 0 14775.3
3 25 15 14792.9
3 25 30 14470.9
3 25 45 14500.2
