3 14 0 16350.1
3 14 15 16350.1
3 14 30 15994.2
3 14 45 16026.6
3 14 0 15511.6
3 14 15 15174
3 14 30 15493.2
3 14 45 15204.7
3 14 0 15074.5
3 14 15 14793.8
3 14 30 14793.8
3 14 45 14763.9
3 14 0 14517.8
3 14 15 14840.8
3 14 30 14823.2
3 14 45 14547.2
3 14 0 15176.2
3 14 15 14845.9
3 14 30 15158.2
3 14 45 15176.2
3 14 0 15174
3 14 15 15511.6
3 14 30 15174
3 14 45 15493.2
3 14 0 15451.3
3 14 15 15451.3
3 14 30 15763.2
3 14 45 15744.4
3 14 0 15862.2
3 14 15 16163.2
3 14 30 16182.4
3 14 45 15830.2
3 14 0 17168.1
3 14 15 16814.4
3 14 30 16848.4
3 14 45 16814.4
3 14 0 17859.3
3 14 15 17470.6
3 14 30 17505.9
3 14 45 17838.1
3 14 0 18027
3 14 15 18005.6
3 14 30 17670.3
3 14 45 17634.7
3 14 0 16896.5
3 14 15 16930.6
3 14 30 17272.4
3 14 45 17251.9
3 14 0 16414.4
3 14 15 16076.2
3 14 30 16433.9
3 14 45 16108.8
3 14 0 16684.1
3 14 15 16650.4
3 14 30 17000.6
3 14 45 17020.9
3 14 0 16848.4
3 14 15 16814.4
3 14 30 17188.5
3 14 45 17168.1
3 14 0 17104.7
3 14 15 16766.3
3 14 30 17084.4
3 14 45 17104.7
3 14 0 16848.4
3 14 15 16814.4
3 14 30 17168.1
3 14 45 17188.5
3 14 0 16766.3
3 14 15 17084.4
3 14 30 16732.4
3 14 45 17104.7
3 14 0 16930.6
3 14 15 17272.4
3 14 30 17251.9
3 14 45 16896.5
3 14 0 17607.8
3 14 15 17259.4
3 14 30 17224.5
3 14 45 17586.9
3 14 0 16814.4
3 14 15 16848.4
3 14 30 17188.5
3 14 45 17168.1
3 14 0 17000.6
3 14 15 17020.9
3 14 30 16684.1
3 14 45 16650.4
3 14 0 17259.4
3 14 15 17607.8
3 14 30 17224.5
3 14 45 17586.9
3 14 0 17188.5
3 14 15 17168.1
3 14 30 16814.4
3 14 45 16848.4
