3 22 0 16214.2
3 22 15 16233.5
3 22 30 16233.5
3 22 45 15912.3
3 22 0 15096.3
3 22 15 15382.7
3 22 30 15382.7
3 22 45 15065.8
3 22 0 14967
3 22 15 14984.8
3 22 30 14658.6
3 22 45 14688.3
3 22 0 14443.5
3 22 15 14735
3 22 30 14717.5
3 22 45 14735
3 22 0 15050.1
3 22 15 14769.9
3 22 30 14740
3 22 45 14740
3 22 0 15382.7
3 22 15 15065.8
3 22 30 15096.3
3 22 45 15401
3 22 0 15310.1
3 22 15 15650.7
3 22 30 15632.2
3 22 45 15341.1
3 22 0 15717.3
3 22 15 16067
3 22 30 16047.9
3 22 45 15717.3
3 22 0 16728.3
3 22 15 17045.7
3 22 30 17066
3 22 45 16694.5
3 22 0 17732
3 22 15 17710.9
3 22 30 17346
3 22 45 17346
3 22 0 17877.2
3 22 15 17508.9
3 22 30 17898.5
3 22 45 17544.3
3 22 0 16776
3 22 15 17128.9
3 22 30 16809.9
3 22 45 17149.2
3 22 0 15993.9
3 22 15 16297.4
3 22 30 15961.6
3 22 45 16316.7
3 22 0 16879.4
3 22 15 16531.7
3 22 30 16565.1
3 22 45 16899.5
3 22 0 16728.3
3 22 15 17045.7
3 22 30 17066
3 22 45 16728.3
3 22 0 16962.6
3 22 15 16646.7
3 22 30 16982.7
3 22 45 16646.7
3 22 0 17045.7
3 22 15 17066
3 22 30 17066
3 22 45 16728.3
3 22 0 16982.7
3 22 15 16613.1
3 22 30 16646.7
3 22 45 16962.6
3 22 0 17128.9
3 22 15 16776
3 22 30 17149.2
3 22 45 16809.9
3 22 0 17482.2
3 22 15 17101.7
3 22 30 17136.3
3 22 45 17461.5
3 22 0 16728.3
3 22 15 16694.5
3 22 30 17066
3 22 45 17045.7
3 22 0 16899.5
3 22 15 16565.1
3 22 30 16531.7
3 22 45 16879.4
3 22 0 17482.2
3 22 15 17136.3
3 22 30 17461.5
3 22 45 17101.7
3 22 0 17066
3 22 15 16728.3
3 22 30 17045.7
3 22 45 17045.7
