3 1 0 15122.3
3 1 15 15140.3
3 1 30 14840.8
3 1 45 14840.8
3 1 0 14363.9
3 1 15 14051.3
3 1 30 14051.3
3 1 45 14346.8
3 1 0 13671.5
3 1 15 13959.1
3 1 30 13699.2
3 1 45 13671.5
3 1 0 13742.8
3 1 15 13726.4
3 1 30 13470.8
3 1 45 13742.8
3 1 0 14053.3
3 1 15 13775.3
3 1 30 13775.3
3 1 45 14036.6
3 1 0 14051.3
3 1 15 14363.9
3 1 30 14079.7
3 1 45 14346.8
3 1 0 14579.5
3 1 15 14279.1
3 1 30 14308
3 1 45 14596.8
3 1 0 14967.2
3 1 15 14688.5
3 1 30 14985
3 1 45 14658.9
3 1 0 15916.7
3 1 15 15897.9
3 1 30 15570.3
3 1 45 15570.3
3 1 0 16537.9
3 1 15 16518.3
3 1 30 16177.9
3 1 45 16210.7
3 1 0 16362.9
3 1 15 16329.8
3 1 30 16693.2
3 1 45 16673.4
3 1 0 15646.3
3 1 15 15994.4
3 1 30 15975.4
3 1 45 15975.4
3 1 0 14916.9
3 1 15 14886.7
3 1 30 15218
3 1 45 15199.9
3 1 0 15418.4
3 1 15 15761.5
3 1 30 15449.6
3 1 45 15761.5
3 1 0 15601.8
3 1 15 15897.9
3 1 30 15570.3
3 1 45 15916.7
3 1 0 15820.3
3 1 15 15525.7
3 1 30 15494.4
3 1 45 15494.4
3 1 0 15897.9
3 1 15 15916.7
3 1 30 15570.3
3 1 45 15601.8
3 1 0 15525.7
3 1 15 15839.1
3 1 30 15494.4
3 1 45 15525.7
3 1 0 15677.9
3 1 15 15994.4
3 1 30 15975.4
3 1 45 15646.3
3 1 0 16305
3 1 15 15950.1
3 1 30 15982.3
3 1 45 16285.6
3 1 0 15601.8
3 1 15 15916.7
3 1 30 15897.9
3 1 45 15570.3
3 1 0 15761.5
3 1 15 15742.8
3 1 30 15449.6
3 1 45 15449.6
3 1 0 15950.1
3 1 15 16285.6
3 1 30 16305
3 1 45 16305
3 1 0 15570.3
3 1 15 15601.8
3 1 30 15897.9
3 1 45 15916.7
