3 31 0 15641.5
3 31 15 15957.3
3 31 30 15938.3
3 31 45 15609.9
3 31 0 15121
3 31 15 15138.9
3 31 30 15121
3 31 45 15138.9
3 31 0 14438.3
3 31 15 14729.8
3 31 30 14438.3
3 31 45 14438.3
3 31 0 14484.3
3 31 15 14467.1
3 31 30 14197.7
3 31 45 14169
3 31 0 14489.2
3 31 15 14489.2
3 31 30 14794
3 31 45 14489.2
3 31 0 15138.9
3 31 15 14809.4
3 31 30 14839.4
3 31 45 14809.4
3 31 0 15080
3 31 15 15366.2
3 31 30 15049.6
3 31 45 15366.2
3 31 0 15449.8
3 31 15 15793.6
3 31 30 15774.8
3 31 45 15481.1
3 31 0 16775.6
3 31 15 16410.5
3 31 30 16443.7
3 31 45 16443.7
3 31 0 17430.2
3 31 15 17409.5
3 31 30 17085.4
3 31 45 17050.9
3 31 0 17245.8
3 31 15 17211
3 31 30 17593.9
3 31 45 17573
3 31 0 16837.4
3 31 15 16857.4
3 31 30 16523.9
3 31 45 16490.5
3 31 0 15721.7
3 31 15 16020
3 31 30 16039.1
3 31 45 15690
3 31 0 16283.2
3 31 15 16592.2
3 31 30 16250.4
3 31 45 16611.9
3 31 0 16755.7
3 31 15 16410.5
3 31 30 16775.6
3 31 45 16443.7
3 31 0 16673.9
3 31 15 16330.4
3 31 30 16363.4
3 31 45 16693.7
3 31 0 16755.7
3 31 15 16775.6
3 31 30 16410.5
3 31 45 16443.7
3 31 0 16330.4
3 31 15 16693.7
3 31 30 16363.4
3 31 45 16673.9
3 31 0 16523.9
3 31 15 16490.5
3 31 30 16857.4
3 31 45 16523.9
3 31 0 17184.7
3 31 15 16844.7
3 31 30 16810.7
3 31 45 17164.3
3 31 0 16775.6
3 31 15 16410.5
3 31 30 16755.7
3 31 45 16443.7
3 31 0 16250.4
3 31 15 16611.9
3 31 30 16283.2
3 31 45 16592.2
3 31 0 16844.7
3 31 15 17184.7
3 31 30 17164.3
3 31 45 16810.7
3 31 0 16755.7
3 31 15 16443.7
3 31 30 16443.7
3 31 45 16775.6
