3 2 0 17543.1
3 2 15 17216.4
3 2 30 17216.4
3 2 45 17181.7
3 2 0 16643.5
3 2 15 16663.2
3 2 30 16643.5
3 2 45 16300.6
3 2 0 15860
3 2 15 16212.9
3 2 30 16212.9
3 2 45 15892.1
3 2 0 15627.2
3 2 15 15923.7
3 2 30 15595.7
3 2 45 15627.2
3 2 0 15948.1
3 2 15 16302.9
3 2 30 15980.4
3 2 45 16283.6
3 2 0 16333.5
3 2 15 16663.2
3 2 30 16643.5
3 2 45 16300.6
3 2 0 16598.4
3 2 15 16913.3
3 2 30 16564.9
3 2 45 16933.4
3 2 0 17039.8
3 2 15 17005.4
3 2 30 17363.2
3 2 45 17363.2
3 2 0 18099.3
3 2 15 18442.7
3 2 30 18464.7
3 2 45 18062.8
3 2 0 19185.2
3 2 15 19162.5
3 2 30 18767.7
3 2 45 18805.6
3 2 0 19365.4
3 2 15 19342.4
3 2 30 18943.9
3 2 45 18982.2
3 2 0 18554.7
3 2 15 18532.7
3 2 30 18150.9
3 2 45 18187.6
3 2 0 17633.1
3 2 15 17269.8
3 2 30 17304.7
3 2 45 17654
3 2 0 18284.5
3 2 15 17886.6
3 2 30 18262.8
3 2 45 18284.5
3 2 0 18442.7
3 2 15 18464.7
3 2 30 18062.8
3 2 45 18099.3
3 2 0 18374.6
3 2 15 18011
3 2 30 17974.7
3 2 45 18352.8
3 2 0 18464.7
3 2 15 18099.3
3 2 30 18442.7
3 2 45 18062.8
3 2 0 18374.6
3 2 15 18011
3 2 30 17974.7
3 2 45 18352.8
3 2 0 18150.9
3 2 15 18554.7
3 2 30 18532.7
3 2 45 18187.6
3 2 0 18540.8
3 2 15 18915
3 2 30 18503.3
3 2 45 18892.6
3 2 0 18442.7
3 2 15 18099.3
3 2 30 18464.7
3 2 45 18062.8
3 2 0 17922.7
3 2 15 18262.8
3 2 30 18284.5
3 2 45 17886.6
3 2 0 18540.8
3 2 15 18892.6
3 2 30 18915
3 2 45 18540.8
3 2 0 18464.7
3 2 15 18062.8
3 2 30 18442.7
3 2 45 18099.3
