3 6 0 16610.2
3 6 15 16643.8
3 6 30 16959.6
3 6 45 16959.6
3 6 0 15758.4
3 6 15 15790.3
3 6 30 16109
3 6 45 16089.9
3 6 0 15332.5
3 6 15 15655.1
3 6 30 15673.7
3 6 45 15673.7
3 6 0 15412.4
3 6 15 15077
3 6 30 15394.1
3 6 45 15077
3 6 0 15417.7
3 6 15 15448.9
3 6 30 15760.7
3 6 45 15742
3 6 0 15758.4
3 6 15 16089.9
3 6 30 15790.3
3 6 45 16109
3 6 0 16014
3 6 15 16370.3
3 6 30 16046.4
3 6 45 16350.8
3 6 0 16473.1
3 6 15 16805.7
3 6 30 16439.9
3 6 45 16785.7
3 6 0 17497.4
3 6 15 17850.6
3 6 30 17462
3 6 45 17829.4
3 6 0 18547.2
3 6 15 18525.2
3 6 30 18180.2
3 6 45 18143.5
3 6 0 18721.3
3 6 15 18699.1
3 6 30 18313.9
3 6 45 18350.9
3 6 0 17547.2
3 6 15 17916.3
3 6 30 17582.7
3 6 45 17937.6
3 6 0 16729.2
3 6 15 17066.9
3 6 30 17046.6
3 6 45 16695.4
3 6 0 17655.4
3 6 15 17676.4
3 6 30 17326.7
3 6 45 17291.7
3 6 0 17829.4
3 6 15 17462
3 6 30 17497.4
3 6 45 17850.6
3 6 0 17763.5
3 6 15 17742.4
3 6 30 17412
3 6 45 17376.9
3 6 0 17850.6
3 6 15 17829.4
3 6 30 17462
3 6 45 17497.4
3 6 0 17763.5
3 6 15 17376.9
3 6 30 17412
3 6 45 17742.4
3 6 0 17916.3
3 6 15 17547.2
3 6 30 17937.6
3 6 45 17582.7
3 6 0 17924.1
3 6 15 18285.9
3 6 30 17887.9
3 6 45 17924.1
3 6 0 17462
3 6 15 17829.4
3 6 30 17850.6
3 6 45 17497.4
3 6 0 17291.7
3 6 15 17326.7
3 6 30 17676.4
3 6 45 17655.4
3 6 0 18285.9
3 6 15 17887.9
3 6 30 17924.1
3 6 45 18264.2
3 6 0 17462
3 6 15 17497.4
3 6 30 17850.6
3 6 45 17829.4
