3 12 0 14236
3 12 15 14264.8
3 12 30 14552.7
3 12 45 14535.5
3 12 0 13505.9
3 12 15 13533.3
3 12 30 13790.1
3 12 45 13505.9
3 12 0 13140.9
3 12 15 13417.4
3 12 30 13433.3
3 12 45 13167.5
3 12 0 13209.4
3 12 15 13193.7
3 12 30 12948
3 12 45 13209.4
3 12 0 13491.9
3 12 15 13240.7
3 12 30 13507.9
3 12 45 13213.9
3 12 0 13806.4
3 12 15 13533.3
3 12 30 13790.1
3 12 45 13806.4
3 12 0 13725
3 12 15 14013.7
3 12 30 14030.3
3 12 45 13725
3 12 0 14403.5
3 12 15 14090
3 12 30 14386.4
3 12 45 14118.5
3 12 0 15299
3 12 15 14996.3
3 12 30 15280.9
3 12 45 14996.3
3 12 0 15896.1
3 12 15 15877.2
3 12 30 15877.2
3 12 45 15550.1
3 12 0 16026.3
3 12 15 15696.1
3 12 30 16045.3
3 12 45 15696.1
3 12 0 15373.7
3 12 15 15355.4
3 12 30 15069.5
3 12 45 15039.1
3 12 0 14309
3 12 15 14337.9
3 12 30 14610
3 12 45 14627.4
3 12 0 14820
3 12 15 14850
3 12 30 15149.8
3 12 45 15131.8
3 12 0 15299
3 12 15 14996.3
3 12 30 15280.9
3 12 45 14966.1
3 12 0 15224.4
3 12 15 14923.2
3 12 30 15206.3
3 12 45 14893
3 12 0 15280.9
3 12 15 14996.3
3 12 30 15299
3 12 45 14966.1
3 12 0 14923.2
3 12 15 15224.4
3 12 30 14893
3 12 45 15206.3
3 12 0 15069.5
3 12 15 15039.1
3 12 30 15373.7
3 12 45 15355.4
3 12 0 15362.1
3 12 15 15331.1
3 12 30 15653.6
3 12 45 15362.1
3 12 0 15299
3 12 15 15280.9
3 12 30 14996.3
3 12 45 14966.1
3 12 0 14850
3 12 15 15131.8
3 12 30 15149.8
3 12 45 14820
3 12 0 15362.1
3 12 15 15331.1
3 12 30 15653.6
3 12 45 15653.6
3 12 0 15299
3 12 15 14966.1
3 12 30 14996.3
3 12 45 15280.9
