1 25 0 19364.2
1 25 15 18981.1
1 25 30 18942.8
1 25 45 18942.8
1 25 0 18676.1
1 25 15 18676.1
1 25 30 18654
1 25 45 18654
1 25 0 17824.9
1 25 15 18163.1
1 25 30 17788.9
1 25 45 18184.7
1 25 0 17500.4
1 25 15 17889.8
1 25 30 17535.8
1 25 45 17868.5
1 25 0 17596.6
1 25 15 17966.7
1 25 30 17632.2
1 25 45 17596.6
1 25 0 18184.7
1 25 15 18163.1
1 25 30 17824.9
1 25 45 17824.9
1 25 0 18077.3
1 25 15 18457.6
1 25 30 18113.9
1 25 45 18479.6
1 25 0 18269.7
1 25 15 18676.1
1 25 30 18654
1 25 45 18654
1 25 0 19270.1
1 25 15 19635.8
1 25 30 19231.2
1 25 45 19659.1
1 25 0 20617.5
1 25 15 20642.1
1 25 30 20233.6
1 25 45 20233.6
1 25 0 21108.4
1 25 15 21133.5
1 25 30 20673.6
1 25 45 20673.6
1 25 0 20192.8
1 25 15 20617.5
1 25 30 20233.6
1 25 45 20642.1
1 25 0 19231.2
1 25 15 19659.1
1 25 30 19659.1
1 25 45 19659.1
1 25 0 20150.6
1 25 15 19712
1 25 30 19751.9
1 25 45 20126.7
1 25 0 20445.5
1 25 15 20040.9
1 25 30 20421.2
1 25 45 20000.5
1 25 0 19808.2
1 25 15 20224.8
1 25 30 19848.2
1 25 45 20248.9
1 25 0 20445.5
1 25 15 20000.5
1 25 30 20421.2
1 25 45 20040.9
1 25 0 20519.4
1 25 15 20137.3
1 25 30 20543.8
1 25 45 20096.6
1 25 0 20617.5
1 25 15 20642.1
1 25 30 20192.8
1 25 45 20192.8
1 25 0 19712
1 25 15 20126.7
1 25 30 20150.6
1 25 45 20150.6
1 25 0 19270.1
1 25 15 19659.1
1 25 30 19231.2
1 25 45 19635.8
1 25 0 18750.4
1 25 15 19167.6
1 25 30 18788.4
1 25 45 18788.4
1 25 0 19559.2
1 25 15 19519.7
1 25 30 19954
1 25 45 19519.7
1 25 0 19904.3
1 25 15 20323
1 25 30 20347.2
1 25 45 19944.6
