1 18 0 18932.3
1 18 15 18579.8
1 18 30 18579.8
1 18 45 18542.3
1 18 0 17883.4
1 18 15 18259.6
1 18 30 18281.3
1 18 45 18281.3
1 18 0 17412.8
1 18 15 17779.1
1 18 30 17800.2
1 18 45 17448
1 18 0 17490.8
1 18 15 17130.4
1 18 30 17165.1
1 18 45 17130.4
1 18 0 17224.5
1 18 15 17586.9
1 18 30 17607.8
1 18 45 17607.8
1 18 0 17412.8
1 18 15 17779.1
1 18 30 17448
1 18 45 17800.2
1 18 0 17695.2
1 18 15 18088.9
1 18 30 18067.4
1 18 45 17730.9
1 18 0 17883.4
1 18 15 17919.6
1 18 30 18259.6
1 18 45 17919.6
1 18 0 18862.7
1 18 15 19220.6
1 18 30 19243.5
1 18 45 18824.6
1 18 0 19765.9
1 18 15 20181.7
1 18 30 19805.8
1 18 45 20205.6
1 18 0 20686.7
1 18 15 20662.2
1 18 30 20236.5
1 18 45 20277.4
1 18 0 19805.8
1 18 15 19765.9
1 18 30 20181.7
1 18 45 20205.6
1 18 0 19243.5
1 18 15 19243.5
1 18 30 19220.6
1 18 45 18862.7
1 18 0 19334.3
1 18 15 19724.6
1 18 30 19701.1
1 18 45 19295.2
1 18 0 19617.2
1 18 15 20013.2
1 18 30 19989.4
1 18 45 19577.6
1 18 0 19797.2
1 18 15 19428.6
1 18 30 19389.4
1 18 45 19820.8
1 18 0 19617.2
1 18 15 19577.6
1 18 30 20013.2
1 18 45 20013.2
1 18 0 20109.4
1 18 15 19671.7
1 18 30 19711.5
1 18 45 20085.5
1 18 0 19765.9
1 18 15 20205.6
1 18 30 20181.7
1 18 45 20205.6
1 18 0 19295.2
1 18 15 19701.1
1 18 30 19724.6
1 18 45 19334.3
1 18 0 18824.6
1 18 15 19243.5
1 18 30 18862.7
1 18 45 19220.6
1 18 0 18391.1
1 18 15 18354
1 18 30 18740.1
1 18 45 18762.4
1 18 0 19145.6
1 18 15 19508.9
1 18 30 19532.1
1 18 45 19107
1 18 0 19893.3
1 18 15 19917
1 18 30 19522.9
1 18 45 19483.5
