1 14 0 15831.3
1 14 15 15831.3
1 14 30 16183.5
1 14 45 15863.3
1 14 0 15268.8
1 14 15 15589.9
1 14 30 15299.6
1 14 45 15589.9
1 14 0 14897
1 14 15 15197.7
1 14 30 14897
1 14 45 14866.9
1 14 0 14625.9
1 14 15 14655.4
1 14 30 14933.5
1 14 45 14951.3
1 14 0 15033.4
1 14 15 14706.2
1 14 30 14736
1 14 45 15015.6
1 14 0 14897
1 14 15 14866.9
1 14 30 15197.7
1 14 45 15179.7
1 14 0 15108
1 14 15 15425.8
1 14 30 15444.2
1 14 45 15138.6
1 14 0 15589.9
1 14 15 15608.5
1 14 30 15299.6
1 14 45 15268.8
1 14 0 16410.5
1 14 15 16072.4
1 14 30 16430
1 14 45 16430
1 14 0 16876
1 14 15 16910.1
1 14 30 16910.1
1 14 45 17231
1 14 0 17277.8
1 14 15 17641.2
1 14 30 17662.2
1 14 45 17312.7
1 14 0 16876
1 14 15 16910.1
1 14 30 17231
1 14 45 17251.5
1 14 0 16410.5
1 14 15 16104.9
1 14 30 16072.4
1 14 45 16430
1 14 0 16840.7
1 14 15 16820.7
1 14 30 16474.2
1 14 45 16507.5
1 14 0 17087.2
1 14 15 16749.1
1 14 30 16715.3
1 14 45 17066.9
1 14 0 16554.5
1 14 15 16902.8
1 14 30 16922.9
1 14 45 16588
1 14 0 16749.1
1 14 15 17066.9
1 14 30 17087.2
1 14 45 16715.3
1 14 0 17169.3
1 14 15 16795.6
1 14 30 16829.6
1 14 45 17148.9
1 14 0 17251.5
1 14 15 16876
1 14 30 16910.1
1 14 45 17231
1 14 0 16474.2
1 14 15 16507.5
1 14 30 16820.7
1 14 45 16840.7
1 14 0 16410.5
1 14 15 16072.4
1 14 30 16104.9
1 14 45 16430
1 14 0 16019.2
1 14 15 15670.6
1 14 30 16000.2
1 14 45 15702.3
1 14 0 16676.4
1 14 15 16346.5
1 14 30 16313.5
1 14 45 16656.6
1 14 0 17005
1 14 15 16984.8
1 14 30 16634.9
1 14 45 16668.5
