1 17 0 19363
1 17 15 18979.9
1 17 30 18941.6
1 17 45 19340
1 17 0 18268.5
1 17 15 18675
1 17 30 18675
1 17 45 18652.8
1 17 0 18183.6
1 17 15 17823.8
1 17 30 17787.8
1 17 45 18162
1 17 0 17534.7
1 17 15 17867.4
1 17 30 17499.3
1 17 45 17888.7
1 17 0 17595.5
1 17 15 17965.6
1 17 30 17631.1
1 17 45 17631.1
1 17 0 17787.8
1 17 15 18183.6
1 17 30 18162
1 17 45 17823.8
1 17 0 18076.2
1 17 15 18112.8
1 17 30 18456.5
1 17 45 18478.4
1 17 0 18675
1 17 15 18305.5
1 17 30 18652.8
1 17 45 18268.5
1 17 0 19230
1 17 15 19634.6
1 17 30 19268.9
1 17 45 19268.9
1 17 0 20191.5
1 17 15 20232.4
1 17 30 20640.8
1 17 45 20616.3
1 17 0 20672.3
1 17 15 21132.2
1 17 30 21107.1
1 17 45 20714.1
1 17 0 20191.5
1 17 15 20640.8
1 17 30 20232.4
1 17 45 20616.3
1 17 0 19657.9
1 17 15 19268.9
1 17 30 19634.6
1 17 45 19230
1 17 0 20149.3
1 17 15 19710.8
1 17 30 20125.4
1 17 45 19750.7
1 17 0 19999.2
1 17 15 20039.7
1 17 30 20419.9
1 17 45 19999.2
1 17 0 19806.9
1 17 15 20223.6
1 17 30 19847
1 17 45 20247.6
1 17 0 20444.2
1 17 15 20419.9
1 17 30 19999.2
1 17 45 19999.2
1 17 0 20542.5
1 17 15 20518.1
1 17 30 20095.4
1 17 45 20136
1 17 0 20616.3
1 17 15 20191.5
1 17 30 20640.8
1 17 45 20232.4
1 17 0 20149.3
1 17 15 19710.8
1 17 30 19750.7
1 17 45 20125.4
1 17 0 19268.9
1 17 15 19657.9
1 17 30 19634.6
1 17 45 19230
1 17 0 19143.7
1 17 15 19166.4
1 17 30 18749.3
1 17 45 19166.4
1 17 0 19952.8
1 17 15 19929.1
1 17 30 19558
1 17 45 19558
1 17 0 19903.1
1 17 15 20321.8
1 17 30 19943.3
1 17 45 20345.9
