1 13 0 18519.8
1 13 15 18174.9
1 13 30 18174.9
1 13 45 18541.8
1 13 0 17529.1
1 13 15 17882.9
1 13 30 17493.7
1 13 45 17493.7
1 13 0 17033.4
1 13 15 17067.8
1 13 30 17391.7
1 13 45 17412.3
1 13 0 16791
1 13 15 16757.1
1 13 30 17109.6
1 13 45 16757.1
1 13 0 16849.2
1 13 15 17224.1
1 13 30 17203.7
1 13 45 17203.7
1 13 0 17033.4
1 13 15 17412.3
1 13 30 17391.7
1 13 45 17412.3
1 13 0 17673.7
1 13 15 17309.6
1 13 30 17673.7
1 13 45 17344.6
1 13 0 17861.7
1 13 15 17529.1
1 13 30 17882.9
1 13 45 17493.7
1 13 0 18824.2
1 13 15 18451.7
1 13 30 18414.4
1 13 45 18801.8
1 13 0 19335.2
1 13 15 19374.3
1 13 30 19741.9
1 13 45 19374.3
1 13 0 20236
1 13 15 19835.6
1 13 30 19795.5
1 13 45 20236
1 13 0 19335.2
1 13 15 19374.3
1 13 30 19765.4
1 13 45 19741.9
1 13 0 18414.4
1 13 15 18824.2
1 13 30 18801.8
1 13 45 18451.7
1 13 0 19294.8
1 13 15 19271.8
1 13 30 18874.8
1 13 45 18913
1 13 0 19577.1
1 13 15 19189.8
1 13 30 19151
1 13 45 19577.1
1 13 0 19365.9
1 13 15 19388.9
1 13 30 19005.2
1 13 45 18966.9
1 13 0 19577.1
1 13 15 19189.8
1 13 30 19553.9
1 13 45 19151
1 13 0 19671.2
1 13 15 19282
1 13 30 19647.9
1 13 45 19243.1
1 13 0 19335.2
1 13 15 19374.3
1 13 30 19765.4
1 13 45 19741.9
1 13 0 18913
1 13 15 19271.8
1 13 30 19294.8
1 13 45 18874.8
1 13 0 18451.7
1 13 15 18801.8
1 13 30 18824.2
1 13 45 18414.4
1 13 0 17954.1
1 13 15 18331.8
1 13 30 18353.5
1 13 45 17990.4
1 13 0 18690.7
1 13 15 19083.8
1 13 30 18728.5
1 13 45 19106.5
1 13 0 19097.5
1 13 15 19459.9
1 13 30 19483
1 13 45 19059
