1 10 0 17784.2
1 10 15 17784.2
1 10 30 18158.3
1 10 45 18158.3
1 10 0 17152.3
1 10 15 17187
1 10 30 17533.9
1 10 45 17533.9
1 10 0 17072.5
1 10 15 17052.2
1 10 30 16734.7
1 10 45 16734.7
1 10 0 16795.6
1 10 15 16463.3
1 10 30 16775.7
1 10 45 16430.1
1 10 0 16553.8
1 10 15 16520.3
1 10 30 16887.9
1 10 45 16867.9
1 10 0 16700.9
1 10 15 17052.2
1 10 30 16734.7
1 10 45 17072.5
1 10 0 17006
1 10 15 16971.7
1 10 30 17349.3
1 10 45 17328.7
1 10 0 17152.3
1 10 15 17187
1 10 30 17533.9
1 10 45 17513.1
1 10 0 18456.7
1 10 15 18434.8
1 10 30 18055
1 10 45 18055
1 10 0 19356.6
1 10 15 18957.8
1 10 30 19379.6
1 10 45 19379.6
1 10 0 19817.4
1 10 15 19841
1 10 30 19448.4
1 10 45 19409.1
1 10 0 18957.8
1 10 15 18996.1
1 10 30 19356.6
1 10 45 19379.6
1 10 0 18055
1 10 15 18434.8
1 10 30 18091.5
1 10 45 18434.8
1 10 0 18918.1
1 10 15 18543.8
1 10 30 18895.7
1 10 45 18506.4
1 10 0 19172.2
1 10 15 18815.2
1 10 30 18777.2
1 10 45 19195
1 10 0 19010.4
1 10 15 18596.7
1 10 30 18634.3
1 10 45 19010.4
1 10 0 18815.2
1 10 15 18777.2
1 10 30 19195
1 10 45 19172.2
1 10 0 18867.5
1 10 15 19264.4
1 10 30 18905.7
1 10 45 19287.3
1 10 0 19379.6
1 10 15 19356.6
1 10 30 18957.8
1 10 45 18996.1
1 10 0 18895.7
1 10 15 18543.8
1 10 30 18918.1
1 10 45 18918.1
1 10 0 18091.5
1 10 15 18055
1 10 30 18434.8
1 10 45 18091.5
1 10 0 17639.2
1 10 15 17973.9
1 10 30 17995.3
1 10 45 17603.6
1 10 0 18325.8
1 10 15 18711.3
1 10 30 18733.6
1 10 45 18362.9
1 10 0 18686.9
1 10 15 19102.7
1 10 30 18724.7
1 10 45 19080
