1 9 0 17386.6
1 9 15 17386.6
1 9 30 17366
1 9 45 17008.2
1 9 0 16768.8
1 9 15 16748.9
1 9 30 16437
1 9 45 16403.8
1 9 0 16004.5
1 9 15 16308.2
1 9 30 15972.2
1 9 45 16004.5
1 9 0 15713.2
1 9 15 16043.7
1 9 30 16062.8
1 9 45 16043.7
1 9 0 16131.8
1 9 15 15831.5
1 9 30 15799.5
1 9 45 16151
1 9 0 16308.2
1 9 15 16004.5
1 9 30 15972.2
1 9 45 16327.5
1 9 0 16592.3
1 9 15 16231.2
1 9 30 16264
1 9 45 16572.6
1 9 0 16768.8
1 9 15 16748.9
1 9 30 16437
1 9 45 16403.8
1 9 0 17630.4
1 9 15 17267.2
1 9 30 17302.1
1 9 45 17651.4
1 9 0 18167.2
1 9 15 18130.6
1 9 30 18512
1 9 45 18534
1 9 0 18975.2
1 9 15 18952.7
1 9 30 18562.2
1 9 45 18599.8
1 9 0 18534
1 9 15 18130.6
1 9 30 18512
1 9 45 18167.2
1 9 0 17267.2
1 9 15 17302.1
1 9 30 17651.4
1 9 45 17630.4
1 9 0 18071.2
1 9 15 17698.9
1 9 30 17734.7
1 9 45 17734.7
1 9 0 17957.9
1 9 15 17994.2
1 9 30 18357.4
1 9 45 17957.9
1 9 0 17821.2
1 9 15 17785.2
1 9 30 18180.9
1 9 45 18180.9
1 9 0 18357.4
1 9 15 17957.9
1 9 30 17994.2
1 9 45 18335.7
1 9 0 18080.7
1 9 15 18445.7
1 9 30 18044.2
1 9 45 18423.8
1 9 0 18167.2
1 9 15 18130.6
1 9 30 18512
1 9 45 18534
1 9 0 17734.7
1 9 15 18071.2
1 9 30 17698.9
1 9 45 18092.7
1 9 0 17302.1
1 9 15 17630.4
1 9 30 17651.4
1 9 45 17630.4
1 9 0 16869.6
1 9 15 16835.5
1 9 30 17189.7
1 9 45 17210.1
1 9 0 17916.2
1 9 15 17561.7
1 9 30 17526.2
1 9 45 17894.9
1 9 0 17871.6
1 9 15 18247.5
1 9 30 17907.7
1 9 45 18269.2
