1 30 0 14765
1 30 15 15063
1 30 30 15063
1 30 45 15045.1
1 30 0 14211.6
1 30 15 14510.5
1 30 30 14240.3
1 30 45 14510.5
1 30 0 14128.7
1 30 15 14145.5
1 30 30 13837.6
1 30 45 13837.6
1 30 0 13916.1
1 30 15 13916.1
1 30 30 13613.2
1 30 45 13640.7
1 30 0 13975.9
1 30 15 13715.7
1 30 30 13992.5
1 30 45 13688
1 30 0 13865.6
1 30 15 13837.6
1 30 30 14128.7
1 30 45 14145.5
1 30 0 14374.8
1 30 15 14357.8
1 30 30 14090.4
1 30 45 14090.4
1 30 0 14240.3
1 30 15 14510.5
1 30 30 14527.8
1 30 45 14211.6
1 30 0 15292.4
1 30 15 14959.5
1 30 30 14989.8
1 30 45 14989.8
1 30 0 15739.3
1 30 15 16037.9
1 30 30 16057
1 30 45 15707.5
1 30 0 16081.5
1 30 15 16114
1 30 30 16439.3
1 30 45 16419.8
1 30 0 16037.9
1 30 15 15707.5
1 30 30 15707.5
1 30 45 16037.9
1 30 0 14989.8
1 30 15 15292.4
1 30 30 15274.2
1 30 45 14959.5
1 30 0 15364.5
1 30 15 15656.1
1 30 30 15333.5
1 30 45 15674.7
1 30 0 15589.4
1 30 15 15885.2
1 30 30 15557.9
1 30 45 15904.1
1 30 0 15732.5
1 30 15 15751.1
1 30 30 15408.3
1 30 45 15439.5
1 30 0 15885.2
1 30 15 15557.9
1 30 30 15589.4
1 30 45 15904.1
1 30 0 15961.6
1 30 15 15980.5
1 30 30 15664.3
1 30 45 15632.7
1 30 0 16037.9
1 30 15 15739.3
1 30 30 16057
1 30 45 15707.5
1 30 0 15364.5
1 30 15 15674.7
1 30 30 15656.1
1 30 45 15333.5
1 30 0 14989.8
1 30 15 15274.2
1 30 30 14959.5
1 30 45 15292.4
1 30 0 14892.4
1 30 15 14585.6
1 30 30 14910.1
1 30 45 14585.6
1 30 0 15521.8
1 30 15 15214.6
1 30 30 15183.9
1 30 45 15503.3
1 30 0 15483.1
1 30 15 15808.8
1 30 30 15514.4
1 30 45 15827.6
