1 31 0 17836.7
1 31 15 17448.5
1 31 30 17483.8
1 31 45 17448.5
1 31 0 16828.5
1 31 15 17202.9
1 31 30 16862.6
1 31 45 16862.6
1 31 0 16750.2
1 31 15 16418.8
1 31 30 16385.7
1 31 45 16730.4
1 31 0 16459
1 31 15 16478.6
1 31 30 16120
1 31 45 16152.6
1 31 0 16569.2
1 31 15 16549.5
1 31 30 16208.5
1 31 45 16549.5
1 31 0 16385.7
1 31 15 16730.4
1 31 30 16418.8
1 31 45 16750.2
1 31 0 17021.9
1 31 15 17001.7
1 31 30 16651.4
1 31 45 16685.1
1 31 0 16828.5
1 31 15 16862.6
1 31 30 17182.5
1 31 45 17202.9
1 31 0 17750.1
1 31 15 18086.9
1 31 30 18108.4
1 31 45 17714.2
1 31 0 18991.2
1 31 15 18599.9
1 31 30 18637.6
1 31 45 19013.8
1 31 0 19042.8
1 31 15 19081.3
1 31 30 19466.5
1 31 45 19081.3
1 31 0 18599.9
1 31 15 19013.8
1 31 30 18637.6
1 31 45 18991.2
1 31 0 17714.2
1 31 15 18108.4
1 31 30 18086.9
1 31 45 17750.1
1 31 0 18539
1 31 15 18561.1
1 31 30 18193.8
1 31 45 18157.1
1 31 0 18460.1
1 31 15 18422.8
1 31 30 18832.7
1 31 45 18810.3
1 31 0 18651.6
1 31 15 18629.5
1 31 30 18245.7
1 31 45 18282.6
1 31 0 18832.7
1 31 15 18460.1
1 31 30 18810.3
1 31 45 18422.8
1 31 0 18923.2
1 31 15 18548.8
1 31 30 18511.4
1 31 45 18900.8
1 31 0 18637.6
1 31 15 19013.8
1 31 30 18991.2
1 31 45 18991.2
1 31 0 18561.1
1 31 15 18157.1
1 31 30 18539
1 31 45 18539
1 31 0 17714.2
1 31 15 18108.4
1 31 30 17750.1
1 31 45 18108.4
1 31 0 17271.4
1 31 15 17655.7
1 31 30 17306.3
1 31 45 17634.7
1 31 0 17980
1 31 15 18016.3
1 31 30 18358.2
1 31 45 18380
1 31 0 18742.2
1 31 15 18719.9
1 31 30 18334.2
1 31 45 18371.3
