1 21 0 16491.7
1 21 15 16491.7
1 21 30 16165.4
1 21 45 16472.1
1 21 0 15559.5
1 21 15 15905.7
1 21 30 15886.8
1 21 45 15591
1 21 0 15150.1
1 21 15 15180.7
1 21 30 15468.7
1 21 45 15487.1
1 21 0 15236
1 21 15 14904.4
1 21 30 14934.5
1 21 45 15217.9
1 21 0 15301.5
1 21 15 15016.6
1 21 30 15319.7
1 21 45 14986.3
1 21 0 15487.1
1 21 15 15150.1
1 21 30 15468.7
1 21 45 15180.7
1 21 0 15738.3
1 21 15 15395.7
1 21 30 15719.6
1 21 45 15426.9
1 21 0 15591
1 21 15 15559.5
1 21 30 15886.8
1 21 45 15905.7
1 21 0 16378.4
1 21 15 16411.6
1 21 30 16723
1 21 45 16378.4
1 21 0 17232.1
1 21 15 17580
1 21 30 17197.4
1 21 45 17559.1
1 21 0 17606.8
1 21 15 17998.6
1 21 30 17642.4
1 21 45 17977.2
1 21 0 17197.4
1 21 15 17559.1
1 21 30 17232.1
1 21 45 17580
1 21 0 16742.8
1 21 15 16378.4
1 21 30 16723
1 21 45 16411.6
1 21 0 16787.9
1 21 15 17161.4
1 21 30 17141
1 21 45 16821.9
1 21 0 17391.9
1 21 15 17068
1 21 30 17412.6
1 21 45 17033.6
1 21 0 16903.9
1 21 15 17245.1
1 21 30 17224.7
1 21 45 16869.8
1 21 0 17412.6
1 21 15 17068
1 21 30 17391.9
1 21 45 17033.6
1 21 0 17475.5
1 21 15 17115.5
1 21 30 17150.1
1 21 45 17496.3
1 21 0 17232.1
1 21 15 17580
1 21 30 17559.1
1 21 45 17197.4
1 21 0 17141
1 21 15 17161.4
1 21 30 16787.9
1 21 45 16821.9
1 21 0 16723
1 21 15 16378.4
1 21 30 16742.8
1 21 45 16411.6
1 21 0 16001.3
1 21 15 16304.9
1 21 30 15969
1 21 45 16324.3
1 21 0 16657.7
1 21 15 16973.8
1 21 30 16624.1
1 21 45 16994
1 21 0 16986
1 21 15 16951.7
1 21 30 17328.8
1 21 45 17308.3
