1 12 0 18181.4
1 12 15 18218.2
1 12 30 18218.2
1 12 45 18563.9
1 12 0 17535.4
1 12 15 17904.3
1 12 30 17925.5
1 12 45 17925.5
1 12 0 17108.5
1 12 15 17453.8
1 12 30 17453.8
1 12 45 17433.1
1 12 0 16797.1
1 12 15 16831
1 12 30 17150.4
1 12 45 16797.1
1 12 0 17265.1
1 12 15 16923.5
1 12 30 16889.4
1 12 45 16923.5
1 12 0 17453.8
1 12 15 17433.1
1 12 30 17073.9
1 12 45 17108.5
1 12 0 17736.8
1 12 15 17350.8
1 12 30 17715.8
1 12 45 17385.9
1 12 0 17904.3
1 12 15 17535.4
1 12 30 17570.9
1 12 45 17925.5
1 12 0 18846.6
1 12 15 18458.3
1 12 30 18495.6
1 12 45 18869
1 12 0 19812.4
1 12 15 19420.4
1 12 30 19788.9
1 12 45 19420.4
1 12 0 20260.1
1 12 15 20284.2
1 12 30 19842.7
1 12 45 19882.8
1 12 0 19788.9
1 12 15 19420.4
1 12 30 19812.4
1 12 45 19381.2
1 12 0 18458.3
1 12 15 18495.6
1 12 30 18869
1 12 45 18846.6
1 12 0 18919.8
1 12 15 18958
1 12 30 19340.7
1 12 45 19317.8
1 12 0 19235.5
1 12 15 19196.6
1 12 30 19600.5
1 12 45 19623.7
1 12 0 19012.1
1 12 15 19050.5
1 12 30 19435.1
1 12 45 19412
1 12 0 19235.5
1 12 15 19196.6
1 12 30 19623.7
1 12 45 19600.5
1 12 0 19694.7
1 12 15 19288.9
1 12 30 19327.9
1 12 45 19718.1
1 12 0 19420.4
1 12 15 19788.9
1 12 30 19381.2
1 12 45 19812.4
1 12 0 18958
1 12 15 19317.8
1 12 30 18919.8
1 12 45 19340.7
1 12 0 18495.6
1 12 15 18869
1 12 30 18846.6
1 12 45 18458.3
1 12 0 18375.4
1 12 15 18397.3
1 12 30 18033.3
1 12 45 18397.3
1 12 0 18735.2
1 12 15 19152
1 12 30 19129.3
1 12 45 18773.1
1 12 0 19506.2
1 12 15 19104.3
1 12 30 19529.4
1 12 45 19143
