1 22 0 15735
1 22 15 16033.6
1 22 30 15703.2
1 22 45 15735
1 22 0 15175.9
1 22 15 15482.2
1 22 30 15463.8
1 22 45 15145.3
1 22 0 14746.7
1 22 15 15074.8
1 22 30 15074.8
1 22 45 15056.9
1 22 0 14507.6
1 22 15 14536.9
1 22 30 14536.9
1 22 45 14830.3
1 22 0 14616.8
1 22 15 14911.8
1 22 30 14894.1
1 22 45 14587.3
1 22 0 14746.7
1 22 15 15074.8
1 22 30 15074.8
1 22 45 15056.9
1 22 0 15301.1
1 22 15 14985.8
1 22 30 15016.1
1 22 45 15319.3
1 22 0 15463.8
1 22 15 15175.9
1 22 30 15145.3
1 22 45 15482.2
1 22 0 16277.7
1 22 15 15942.4
1 22 30 15974.6
1 22 45 16297.1
1 22 0 16739.5
1 22 15 16773.3
1 22 30 17091.6
1 22 45 17111.9
1 22 0 17498.6
1 22 15 17172.7
1 22 30 17138
1 22 45 17519.4
1 22 0 16773.3
1 22 15 17111.9
1 22 30 17091.6
1 22 45 17091.6
1 22 0 15974.6
1 22 15 15942.4
1 22 30 16297.1
1 22 45 16277.7
1 22 0 16374
1 22 15 16340.9
1 22 30 16704.5
1 22 45 16684.7
1 22 0 16949
1 22 15 16580.1
1 22 30 16613.6
1 22 45 16928.8
1 22 0 16420.6
1 22 15 16766.1
1 22 30 16786
1 22 45 16453.9
1 22 0 16928.8
1 22 15 16613.6
1 22 30 16949
1 22 45 16580.1
1 22 0 17030.4
1 22 15 16693.5
1 22 30 17010.2
1 22 45 16693.5
1 22 0 17111.9
1 22 15 16773.3
1 22 30 17091.6
1 22 45 16739.5
1 22 0 16340.9
1 22 15 16374
1 22 30 16684.7
1 22 45 16704.5
1 22 0 15942.4
1 22 15 15974.6
1 22 30 16297.1
1 22 45 16277.7
1 22 0 15870.8
1 22 15 15889.6
1 22 30 15575.3
1 22 45 15543.8
1 22 0 16214.2
1 22 15 16521.9
1 22 30 16541.5
1 22 45 16181.5
1 22 0 16847.4
1 22 15 16533.7
1 22 30 16867.5
1 22 45 16500.4
