1 19 0 18982.5
1 19 15 19005.1
1 19 30 18591.4
1 19 45 18982.5
1 19 0 18308
1 19 15 17930.8
1 19 30 17967.1
1 19 45 18329.8
1 19 0 17459
1 19 15 17494.3
1 19 30 17826.2
1 19 45 17459
1 19 0 17210.6
1 19 15 17175.8
1 19 30 17558
1 19 45 17537.1
1 19 0 17270.2
1 19 15 17305.1
1 19 30 17654.5
1 19 45 17633.5
1 19 0 17494.3
1 19 15 17826.2
1 19 30 17459
1 19 45 17494.3
1 19 0 18136.8
1 19 15 17742.1
1 19 30 18115.3
1 19 45 17778
1 19 0 17930.8
1 19 15 17967.1
1 19 30 18308
1 19 45 18329.8
1 19 0 19271.6
1 19 15 18912.7
1 19 30 19294.5
1 19 45 18874.5
1 19 0 20235.2
1 19 15 20259.2
1 19 30 19858.4
1 19 45 19818.3
1 19 0 20331.2
1 19 15 20741.6
1 19 30 20716.9
1 19 45 20290.1
1 19 0 20259.2
1 19 15 19818.3
1 19 30 19858.4
1 19 45 19858.4
1 19 0 19294.5
1 19 15 18874.5
1 19 30 19271.6
1 19 45 18912.7
1 19 0 19753.4
1 19 15 19346.4
1 19 30 19776.8
1 19 45 19385.5
1 19 0 20042.4
1 19 15 19629.5
1 19 30 19669.2
1 19 45 20066.3
1 19 0 19480.1
1 19 15 19440.8
1 19 30 19849.7
1 19 45 19873.3
1 19 0 20066.3
1 19 15 19629.5
1 19 30 20042.4
1 19 45 19669.2
1 19 0 19763.8
1 19 15 20162.7
1 19 30 20138.8
1 19 45 19723.9
1 19 0 19858.4
1 19 15 20259.2
1 19 30 19818.3
1 19 45 20259.2
1 19 0 19385.5
1 19 15 19753.4
1 19 30 19346.4
1 19 45 19776.8
1 19 0 18912.7
1 19 15 19271.6
1 19 30 19294.5
1 19 45 19271.6
1 19 0 18789.8
1 19 15 18402.7
1 19 30 18439.9
1 19 45 18812.1
1 19 0 19157.7
1 19 15 19560.7
1 19 30 19583.9
1 19 45 19196.4
1 19 0 19969.8
1 19 15 19946.1
1 19 30 19574.7
1 19 45 19535.2
