1 8 0 13922
1 8 15 14186.1
1 8 30 13893.9
1 8 45 13922
1 8 0 13698.3
1 8 15 13682.1
1 8 30 13698.3
1 8 45 13427.3
1 8 0 13073.9
1 8 15 13322
1 8 30 13047.5
1 8 45 13047.5
1 8 0 13106
1 8 15 12836
1 8 30 12861.9
1 8 45 13106
1 8 0 12932.6
1 8 15 13178
1 8 30 13193.6
1 8 45 12906.5
1 8 0 13322
1 8 15 13337.8
1 8 30 13047.5
1 8 45 13073.9
1 8 0 13285.9
1 8 15 13554.1
1 8 30 13259.1
1 8 45 13538
1 8 0 13682.1
1 8 15 13427.3
1 8 30 13698.3
1 8 45 13400.2
1 8 0 14134
1 8 15 14402.2
1 8 30 14419.3
1 8 45 14419.3
1 8 0 15140.2
1 8 15 15122.3
1 8 30 14810.7
1 8 45 14840.7
1 8 0 15500.7
1 8 15 15163.4
1 8 30 15194
1 8 45 15482.3
1 8 0 15122.3
1 8 15 14810.7
1 8 30 15140.2
1 8 45 14840.7
1 8 0 14134
1 8 15 14419.3
1 8 30 14402.2
1 8 45 14105.4
1 8 0 14779.8
1 8 15 14487.3
1 8 30 14762.2
1 8 45 14458.1
1 8 0 14996.1
1 8 15 14669.7
1 8 30 14978.3
1 8 45 14699.3
1 8 0 14558
1 8 15 14851.9
1 8 30 14834.2
1 8 45 14528.6
1 8 0 14699.3
1 8 15 14978.3
1 8 30 14669.7
1 8 45 14996.1
1 8 0 15068.1
1 8 15 14740.2
1 8 30 14770
1 8 45 15050.3
1 8 0 15140.2
1 8 15 14810.7
1 8 30 15122.3
1 8 45 14810.7
1 8 0 14458.1
1 8 15 14779.8
1 8 30 14487.3
1 8 45 14762.2
1 8 0 14402.2
1 8 15 14105.4
1 8 30 14134
1 8 45 14419.3
1 8 0 14058.8
1 8 15 14042.1
1 8 30 13752.8
1 8 45 14042.1
1 8 0 14346
1 8 15 14317
1 8 30 14635.6
1 8 45 14618.2
1 8 0 14599.1
1 8 15 14924
1 8 30 14628.7
1 8 45 14628.7
