1 26 0 18649.2
1 26 15 18280.2
1 26 30 18627.1
1 26 45 18627.1
1 26 0 17630.7
1 26 15 17965.2
1 26 30 17595.1
1 26 45 17986.6
1 26 0 17166.7
1 26 15 17513.3
1 26 30 17513.3
1 26 45 17132.1
1 26 0 17208.8
1 26 15 16888.4
1 26 30 16854.3
1 26 45 16854.3
1 26 0 16981.1
1 26 15 17323.9
1 26 30 17303.4
1 26 45 16981.1
1 26 0 17492.5
1 26 15 17513.3
1 26 30 17132.1
1 26 45 17166.7
1 26 0 17445.1
1 26 15 17409.9
1 26 30 17776.1
1 26 45 17797.3
1 26 0 17595.1
1 26 15 17630.7
1 26 30 17965.2
1 26 45 17595.1
1 26 0 18933.2
1 26 15 18558.6
1 26 30 18910.8
1 26 45 18521.2
1 26 0 19447.2
1 26 15 19879.9
1 26 30 19486.6
1 26 45 19856.3
1 26 0 20329.1
1 26 15 20353.2
1 26 30 19950.5
1 26 45 19910.3
1 26 0 19486.6
1 26 15 19447.2
1 26 30 19879.9
1 26 45 19879.9
1 26 0 18521.2
1 26 15 18933.2
1 26 30 18910.8
1 26 45 18521.2
1 26 0 18984.2
1 26 15 19022.6
1 26 30 19406.6
1 26 45 19383.5
1 26 0 19262
1 26 15 19690.6
1 26 30 19667.2
1 26 45 19690.6
1 26 0 19478.1
1 26 15 19076.8
1 26 30 19501.2
1 26 45 19115.4
1 26 0 19262
1 26 15 19690.6
1 26 30 19667.2
1 26 45 19301
1 26 0 19354.6
1 26 15 19785.2
1 26 30 19393.8
1 26 45 19761.8
1 26 0 19879.9
1 26 15 19447.2
1 26 30 19856.3
1 26 45 19486.6
1 26 0 18984.2
1 26 15 19383.5
1 26 30 19406.6
1 26 45 19022.6
1 26 0 18558.6
1 26 15 18521.2
1 26 30 18933.2
1 26 45 18910.8
1 26 0 18058.1
1 26 15 18094.7
1 26 30 18438
1 26 45 18459.9
1 26 0 19217.2
1 26 15 18837
1 26 30 19194.4
1 26 45 18799
1 26 0 19169.4
1 26 15 19208.2
1 26 30 19595.9
1 26 45 19572.6
