1 5 0 17646.7
1 5 15 17646.7
1 5 30 17283.2
1 5 45 17667.7
1 5 0 16669.1
1 5 15 17019.7
1 5 30 17039.9
1 5 45 16702.8
1 5 0 16230.4
1 5 15 16571.8
1 5 30 16230.4
1 5 45 16263.2
1 5 0 15967.2
1 5 15 16322.5
1 5 30 15999.5
1 5 45 16322.5
1 5 0 16392.7
1 5 15 16412.1
1 5 30 16087.4
1 5 45 16054.9
1 5 0 16230.4
1 5 15 16591.5
1 5 30 16571.8
1 5 45 16263.2
1 5 0 16493.6
1 5 15 16840.5
1 5 30 16526.9
1 5 45 16840.5
1 5 0 17019.7
1 5 15 16669.1
1 5 30 16702.8
1 5 45 17039.9
1 5 0 17936.8
1 5 15 17581.9
1 5 30 17546.4
1 5 45 17915.5
1 5 0 18833.6
1 5 15 18811.2
1 5 30 18423.7
1 5 45 18833.6
1 5 0 19259.1
1 5 15 18862.3
1 5 30 18900.5
1 5 45 19282
1 5 0 18833.6
1 5 15 18811.2
1 5 30 18423.7
1 5 45 18811.2
1 5 0 17581.9
1 5 15 17915.5
1 5 30 17546.4
1 5 45 17936.8
1 5 0 17985
1 5 15 18385.2
1 5 30 18021.4
1 5 45 18363.4
1 5 0 18654.2
1 5 15 18632.1
1 5 30 18248.2
1 5 45 18285.1
1 5 0 18474.9
1 5 15 18452.9
1 5 30 18072.8
1 5 45 18474.9
1 5 0 18632.1
1 5 15 18248.2
1 5 30 18654.2
1 5 45 18285.1
1 5 0 18336
1 5 15 18373
1 5 30 18743.9
1 5 45 18721.7
1 5 0 18423.7
1 5 15 18833.6
1 5 30 18811.2
1 5 45 18461
1 5 0 18363.4
1 5 15 17985
1 5 30 18021.4
1 5 45 18385.2
1 5 0 17581.9
1 5 15 17915.5
1 5 30 17546.4
1 5 45 17936.8
1 5 0 17107.7
1 5 15 17488.3
1 5 30 17467.6
1 5 45 17142.3
1 5 0 18184.2
1 5 15 18205.8
1 5 30 17845.6
1 5 45 17809.6
1 5 0 18564.6
1 5 15 18542.5
1 5 30 18160.5
1 5 45 18197.2
