1 23 0 18948.7
1 23 15 18948.7
1 23 30 19347.3
1 23 45 18987
1 23 0 18682
1 23 15 18659.8
1 23 30 18312.3
1 23 45 18682
1 23 0 17830.4
1 23 15 18190.3
1 23 30 17794.4
1 23 45 18168.7
1 23 0 17505.9
1 23 15 17874.1
1 23 30 17895.4
1 23 45 17505.9
1 23 0 17637.7
1 23 15 17972.3
1 23 30 17993.7
1 23 45 17637.7
1 23 0 18190.3
1 23 15 18168.7
1 23 30 17794.4
1 23 45 17830.4
1 23 0 18463.4
1 23 15 18485.3
1 23 30 18119.6
1 23 45 18083
1 23 0 18659.8
1 23 15 18312.3
1 23 30 18275.4
1 23 45 18682
1 23 0 19641.9
1 23 15 19276.1
1 23 30 19237.2
1 23 45 19276.1
1 23 0 20648.5
1 23 15 20624
1 23 30 20199.1
1 23 45 20239.9
1 23 0 21115
1 23 15 21140.1
1 23 30 20721.8
1 23 45 20680
1 23 0 20648.5
1 23 15 20624
1 23 30 20199.1
1 23 45 20239.9
1 23 0 19237.2
1 23 15 19641.9
1 23 30 19276.1
1 23 45 19665.2
1 23 0 20132.9
1 23 15 19718.1
1 23 30 19758
1 23 45 20156.9
1 23 0 20451.8
1 23 15 20047.2
1 23 30 20427.6
1 23 45 20451.8
1 23 0 20255.2
1 23 15 20231.1
1 23 30 19814.3
1 23 45 19854.4
1 23 0 20427.6
1 23 15 20006.7
1 23 30 20451.8
1 23 45 20047.2
1 23 0 20525.8
1 23 15 20143.6
1 23 30 20550.2
1 23 45 20102.9
1 23 0 20239.9
1 23 15 20199.1
1 23 30 20624
1 23 45 20648.5
1 23 0 20132.9
1 23 15 20156.9
1 23 30 19718.1
1 23 45 19718.1
1 23 0 19665.2
1 23 15 19641.9
1 23 30 19237.2
1 23 45 19276.1
1 23 0 18794.2
1 23 15 19173.6
1 23 30 18756.3
1 23 45 19150.8
1 23 0 19936.5
1 23 15 19525.8
1 23 30 19565.3
1 23 45 19960.2
1 23 0 20353.5
1 23 15 19950.8
1 23 30 20329.4
1 23 45 19910.5
