1 4 0 17942.4
1 4 15 17963.7
1 4 30 17608.2
1 4 45 17572.7
1 4 0 16948.3
1 4 15 17325.4
1 4 30 17325.4
1 4 45 17304.8
1 4 0 16535.7
1 4 15 16869.4
1 4 30 16849.4
1 4 45 16502.3
1 4 0 16234.7
1 4 15 16267.5
1 4 30 16595.9
1 4 45 16234.7
1 4 0 16667.3
1 4 15 16356.9
1 4 30 16323.9
1 4 45 16687.1
1 4 0 16502.3
1 4 15 16535.7
1 4 30 16849.4
1 4 45 16869.4
1 4 0 17122.7
1 4 15 17143
1 4 30 17122.7
1 4 45 16803.8
1 4 0 16948.3
1 4 15 16982.6
1 4 30 17325.4
1 4 45 17304.8
1 4 0 18215.6
1 4 15 17876.4
1 4 30 17840.3
1 4 45 18237.2
1 4 0 18732.3
1 4 15 19126.4
1 4 30 19149.1
1 4 45 18770.2
1 4 0 19217.1
1 4 15 19581.8
1 4 30 19605
1 4 45 19178.3
1 4 0 19149.1
1 4 15 19126.4
1 4 30 18770.2
1 4 45 18732.3
1 4 0 17876.4
1 4 15 18215.6
1 4 30 18237.2
1 4 45 17840.3
1 4 0 18671
1 4 15 18286.3
1 4 30 18693.2
1 4 45 18671
1 4 0 18553.9
1 4 15 18944.2
1 4 30 18591.4
1 4 45 18591.4
1 4 0 18762.1
1 4 15 18412.7
1 4 30 18784.4
1 4 45 18375.5
1 4 0 18966.7
1 4 15 18591.4
1 4 30 18944.2
1 4 45 18553.9
1 4 0 19057.9
1 4 15 18680.8
1 4 30 19035.3
1 4 45 18643.1
1 4 0 19126.4
1 4 15 18770.2
1 4 30 19149.1
1 4 45 18732.3
1 4 0 18671
1 4 15 18693.2
1 4 30 18286.3
1 4 45 18323.3
1 4 0 17840.3
1 4 15 17876.4
1 4 30 18215.6
1 4 45 18237.2
1 4 0 17429.5
1 4 15 17394.3
1 4 30 17781.3
1 4 45 17760.2
1 4 0 18144.5
1 4 15 18510.8
1 4 30 18488.8
1 4 45 18107.9
1 4 0 18875.5
1 4 15 18464.7
1 4 30 18853.1
1 4 45 18502.1
