1 24 0 19220.6
1 24 15 19624.9
1 24 30 19648.2
1 24 45 19259.4
1 24 0 18575.1
1 24 15 18537.6
1 24 30 18537.6
1 24 45 18927.5
1 24 0 18086.3
1 24 15 18049.8
1 24 30 18451.4
1 24 45 18429.5
1 24 0 17757.1
1 24 15 17793
1 24 30 18130.6
1 24 45 18130.6
1 24 0 17890.7
1 24 15 18251.9
1 24 30 17854.6
1 24 45 18230.2
1 24 0 18429.5
1 24 15 18451.4
1 24 30 18086.3
1 24 45 18086.3
1 24 0 18728.3
1 24 15 18750.6
1 24 30 18379.6
1 24 45 18342.5
1 24 0 18950
1 24 15 18537.6
1 24 30 18575.1
1 24 45 18927.5
1 24 0 19513.3
1 24 15 19552.7
1 24 30 19947.4
1 24 45 19923.7
1 24 0 20488.9
1 24 15 20919.9
1 24 30 20944.8
1 24 45 20530.4
1 24 0 21418
1 24 15 21019.2
1 24 30 21443.5
1 24 45 20976.8
1 24 0 20944.8
1 24 15 20488.9
1 24 30 20919.9
1 24 45 20530.4
1 24 0 19513.3
1 24 15 19947.4
1 24 30 19923.7
1 24 45 19552.7
1 24 0 20041.5
1 24 15 20001.1
1 24 30 20421.8
1 24 45 20446.1
1 24 0 20745.3
1 24 15 20720.7
1 24 30 20293.8
1 24 45 20334.8
1 24 0 20139.3
1 24 15 20545.8
1 24 30 20098.7
1 24 45 20521.4
1 24 0 20745.3
1 24 15 20334.8
1 24 30 20720.7
1 24 45 20293.8
1 24 0 20391.4
1 24 15 20432.6
1 24 30 20820.3
1 24 45 20845
1 24 0 20919.9
1 24 15 20488.9
1 24 30 20530.4
1 24 45 20944.8
1 24 0 20421.8
1 24 15 20041.5
1 24 30 20446.1
1 24 45 20001.1
1 24 0 19923.7
1 24 15 19947.4
1 24 30 19552.7
1 24 45 19513.3
1 24 0 19425.6
1 24 15 19448.7
1 24 30 19025.4
1 24 45 19448.7
1 24 0 20246.6
1 24 15 19806
1 24 30 19846
1 24 45 20246.6
1 24 0 20196.2
1 24 15 20237.1
1 24 30 20621.1
1 24 45 20645.6
