1 28 0 14262.9
1 28 15 13952.5
1 28 30 13980.7
1 28 45 13980.7
1 28 0 13483.9
1 28 15 13756.1
1 28 30 13739.8
1 28 45 13456.7
1 28 0 13102.6
1 28 15 13394.1
1 28 30 13378.2
1 28 45 13378.2
1 28 0 12916.2
1 28 15 12890.1
1 28 30 13176.9
1 28 45 13161.2
1 28 0 12960.9
1 28 15 13249.3
1 28 30 13233.6
1 28 45 12987.1
1 28 0 13102.6
1 28 15 13129.1
1 28 30 13378.2
1 28 45 13394.1
1 28 0 13342
1 28 15 13315
1 28 30 13595.1
1 28 45 13611.3
1 28 0 13756.1
1 28 15 13483.9
1 28 30 13456.7
1 28 45 13739.8
1 28 0 14462.9
1 28 15 14164.9
1 28 30 14480.1
1 28 45 14462.9
1 28 0 15204.1
1 28 15 14873.2
1 28 30 14903.3
1 28 45 15186
1 28 0 15547.6
1 28 15 15566.1
1 28 30 15258.1
1 28 45 15227.3
1 28 0 14903.3
1 28 15 15186
1 28 30 15204.1
1 28 45 14873.2
1 28 0 14164.9
1 28 15 14480.1
1 28 30 14193.6
1 28 45 14462.9
1 28 0 14842.1
1 28 15 14824.5
1 28 30 14548.4
1 28 45 14519.1
1 28 0 15059.3
1 28 15 14761.3
1 28 30 14731.5
1 28 45 14761.3
1 28 0 14896.8
1 28 15 14589.9
1 28 30 14914.5
1 28 45 14619.4
1 28 0 15041.4
1 28 15 14731.5
1 28 30 14761.3
1 28 45 15059.3
1 28 0 15113.7
1 28 15 15131.7
1 28 30 14832.3
1 28 45 14802.4
1 28 0 15204.1
1 28 15 15186
1 28 30 14903.3
1 28 45 15186
1 28 0 14519.1
1 28 15 14548.4
1 28 30 14824.5
1 28 45 14842.1
1 28 0 14462.9
1 28 15 14193.6
1 28 30 14164.9
1 28 45 14480.1
1 28 0 14101.3
1 28 15 13838.7
1 28 30 13810.8
1 28 45 14118.1
1 28 0 14377.4
1 28 15 14697.3
1 28 30 14679.8
1 28 45 14406.5
1 28 0 14660.7
1 28 15 14969.1
1 28 30 14986.9
1 28 45 14690.4
