1 7 0 14695.4
1 7 15 14725.1
1 7 30 15022.3
1 7 45 15022.3
1 7 0 14173.2
1 7 15 14488.5
1 7 30 14471.3
1 7 45 14471.3
1 7 0 14090.5
1 7 15 14107.3
1 7 30 13828.1
1 7 45 14090.5
1 7 0 13576.4
1 7 15 13878.5
1 7 30 13603.9
1 7 45 13862
1 7 0 13954.7
1 7 15 13938.2
1 7 30 13651
1 7 45 13651
1 7 0 14107.3
1 7 15 13828.1
1 7 30 13800.2
1 7 45 13828.1
1 7 0 14052.4
1 7 15 14319
1 7 30 14024
1 7 45 14052.4
1 7 0 14488.5
1 7 15 14201.9
1 7 30 14471.3
1 7 45 14173.2
1 7 0 15251.1
1 7 15 14949.3
1 7 30 14919.2
1 7 45 15233
1 7 0 15994.6
1 7 15 15665.1
1 7 30 16013.6
1 7 45 15994.6
1 7 0 16038.1
1 7 15 16375.5
1 7 30 16070.5
1 7 45 16394.9
1 7 0 15994.6
1 7 15 15696.8
1 7 30 15696.8
1 7 45 15696.8
1 7 0 15251.1
1 7 15 14949.3
1 7 30 15233
1 7 45 14949.3
1 7 0 15632.4
1 7 15 15613.8
1 7 30 15323.1
1 7 45 15292.1
1 7 0 15515.9
1 7 15 15547.3
1 7 30 15842.3
1 7 45 15861.1
1 7 0 15366.7
1 7 15 15397.8
1 7 30 15708.6
1 7 45 15690
1 7 0 15842.3
1 7 15 15547.3
1 7 30 15515.9
1 7 45 15861.1
1 7 0 15622
1 7 15 15918.5
1 7 30 15937.4
1 7 45 15590.5
1 7 0 15696.8
1 7 15 15665.1
1 7 30 15994.6
1 7 45 16013.6
1 7 0 15323.1
1 7 15 15292.1
1 7 30 15613.8
1 7 45 15632.4
1 7 0 15251.1
1 7 15 15233
1 7 30 14949.3
1 7 45 14919.2
1 7 0 14869.8
1 7 15 14852.2
1 7 30 14575.6
1 7 45 14546.2
1 7 0 15461.5
1 7 15 15142.9
1 7 30 15173.6
1 7 45 15479.9
1 7 0 15784.9
1 7 15 15441.3
1 7 30 15766.1
1 7 45 15472.6
