1 3 0 17536.9
1 3 15 17536.9
1 3 30 17890.9
1 3 45 17501.5
1 3 0 17255.2
1 3 15 16879.6
1 3 30 16913.8
1 3 45 16879.6
1 3 0 16781.2
1 3 15 16435.4
1 3 30 16801.1
1 3 45 16801.1
1 3 0 16528.7
1 3 15 16509
1 3 30 16201.6
1 3 45 16509
1 3 0 16599.7
1 3 15 16619.5
1 3 30 16599.7
1 3 45 16290.6
1 3 0 16435.4
1 3 15 16468.7
1 3 30 16801.1
1 3 45 16435.4
1 3 0 17053.3
1 3 15 16735.7
1 3 30 16701.9
1 3 45 17073.6
1 3 0 16879.6
1 3 15 17234.7
1 3 30 17255.2
1 3 45 16913.8
1 3 0 17804
1 3 15 18163.4
1 3 30 18141.8
1 3 45 17768
1 3 0 19048.9
1 3 15 18656.4
1 3 30 18694.2
1 3 45 19071.5
1 3 0 19525.6
1 3 15 19502.4
1 3 30 19139.3
1 3 45 19100.6
1 3 0 19071.5
1 3 15 18694.2
1 3 30 18656.4
1 3 45 19048.9
1 3 0 17768
1 3 15 17804
1 3 30 18141.8
1 3 45 18141.8
1 3 0 18212.2
1 3 15 18617.4
1 3 30 18249.1
1 3 45 18595.3
1 3 0 18889.9
1 3 15 18478.8
1 3 30 18516.1
1 3 45 18867.5
1 3 0 18301.1
1 3 15 18338.1
1 3 30 18686
1 3 45 18301.1
1 3 0 18867.5
1 3 15 18478.8
1 3 30 18889.9
1 3 45 18516.1
1 3 0 18980.7
1 3 15 18567.6
1 3 30 18958.2
1 3 45 18605.1
1 3 0 18656.4
1 3 15 19048.9
1 3 30 19071.5
1 3 45 18694.2
1 3 0 18617.4
1 3 15 18249.1
1 3 30 18249.1
1 3 45 18617.4
1 3 0 17768
1 3 15 18141.8
1 3 30 17804
1 3 45 18163.4
1 3 0 17688.2
1 3 15 17323.8
1 3 30 17709.3
1 3 45 17358.9
1 3 0 18435.8
1 3 15 18071
1 3 30 18034.6
1 3 45 18413.9
1 3 0 18799.1
1 3 15 18389.9
1 3 30 18776.8
1 3 45 18427.1
