1 27 0 15550.9
1 27 15 15582.3
1 27 30 15878
1 27 45 15896.9
1 27 0 14998.3
1 27 15 15332
1 27 30 15028.6
1 27 45 15313.8
1 27 0 14910.8
1 27 15 14633.1
1 27 30 14910.8
1 27 45 14928.5
1 27 0 14686.4
1 27 15 14669
1 27 30 14366.8
1 27 45 14686.4
1 27 0 14474.9
1 27 15 14767.1
1 27 30 14749.6
1 27 45 14445.7
1 27 0 14633.1
1 27 15 14928.5
1 27 30 14603.6
1 27 45 14633.1
1 27 0 15152.6
1 27 15 14840.4
1 27 30 15170.6
1 27 45 14870.4
1 27 0 15313.8
1 27 15 14998.3
1 27 30 15332
1 27 45 15028.6
1 27 0 16138.9
1 27 15 15787.7
1 27 30 15819.6
1 27 45 16119.8
1 27 0 16945.9
1 27 15 16925.8
1 27 30 16610.6
1 27 45 16610.6
1 27 0 17328.8
1 27 15 16971.7
1 27 30 17349.4
1 27 45 17006.1
1 27 0 16945.9
1 27 15 16577.1
1 27 30 16610.6
1 27 45 16925.8
1 27 0 15787.7
1 27 15 16119.8
1 27 30 15819.6
1 27 45 16138.9
1 27 0 16182.4
1 27 15 16542.4
1 27 30 16215.1
1 27 45 16522.8
1 27 0 16452.4
1 27 15 16764.6
1 27 30 16784.5
1 27 45 16419.2
1 27 0 16603.4
1 27 15 16623.1
1 27 30 16261.3
1 27 45 16294.2
1 27 0 16764.6
1 27 15 16784.5
1 27 30 16452.4
1 27 45 16419.2
1 27 0 16845.2
1 27 15 16865.2
1 27 30 16531.5
1 27 45 16498.1
1 27 0 16610.6
1 27 15 16945.9
1 27 30 16925.8
1 27 45 16610.6
1 27 0 16542.4
1 27 15 16215.1
1 27 30 16182.4
1 27 45 16522.8
1 27 0 16119.8
1 27 15 15819.6
1 27 30 16138.9
1 27 45 15787.7
1 27 0 15716.8
1 27 15 15393
1 27 30 15424.1
1 27 45 15735.5
1 27 0 16361.6
1 27 15 16024.5
1 27 30 16381
1 27 45 16056.9
1 27 0 16703.8
1 27 15 16684
1 27 30 16373.3
1 27 45 16340.2
