1 11 0 18681.1
1 11 15 18333.2
1 11 30 18296.2
1 11 45 18703.3
1 11 0 17646.1
1 11 15 17681.8
1 11 30 17681.8
1 11 45 18017.3
1 11 0 17564
1 11 15 17216.5
1 11 30 17543.2
1 11 45 17564
1 11 0 16903.1
1 11 15 17258.7
1 11 30 16903.1
1 11 45 17279.2
1 11 0 17030.4
1 11 15 17353.5
1 11 30 17374.1
1 11 45 16996
1 11 0 17564
1 11 15 17181.7
1 11 30 17543.2
1 11 45 17216.5
1 11 0 17495.7
1 11 15 17848.8
1 11 30 17827.6
1 11 45 17460.4
1 11 0 17646.1
1 11 15 18017.3
1 11 30 18038.7
1 11 45 18038.7
1 11 0 18612.4
1 11 15 18988.1
1 11 30 18574.8
1 11 45 18965.6
1 11 0 19937.5
1 11 15 19503.6
1 11 30 19543
1 11 45 19543
1 11 0 20388
1 11 15 19968
1 11 30 20412.2
1 11 45 19968
1 11 0 19543
1 11 15 19937.5
1 11 30 19913.9
1 11 45 19503.6
1 11 0 18965.6
1 11 15 18612.4
1 11 30 18612.4
1 11 45 18965.6
1 11 0 19462.8
1 11 15 19439.7
1 11 30 19039.2
1 11 45 19077.7
1 11 0 19747.6
1 11 15 19356.9
1 11 30 19317.8
1 11 45 19724.2
1 11 0 19170.8
1 11 15 19557.8
1 11 30 19132.1
1 11 45 19557.8
1 11 0 19356.9
1 11 15 19724.2
1 11 30 19317.8
1 11 45 19747.6
1 11 0 19819
1 11 15 19450
1 11 30 19842.6
1 11 45 19410.7
1 11 0 19913.9
1 11 15 19543
1 11 30 19937.5
1 11 45 19503.6
1 11 0 19439.7
1 11 15 19077.7
1 11 30 19462.8
1 11 45 19462.8
1 11 0 18988.1
1 11 15 18965.6
1 11 30 18574.8
1 11 45 18612.4
1 11 0 18147.1
1 11 15 18491.4
1 11 30 18513.4
1 11 45 18110.5
1 11 0 19250.1
1 11 15 19272.9
1 11 30 18891.6
1 11 45 18853.5
1 11 0 19263.8
1 11 15 19225
1 11 30 19652.7
1 11 45 19263.8
