1 16 0 18336.3
1 16 15 18336.3
1 16 30 18684.2
1 16 45 18706.4
1 16 0 17649
1 16 15 18020.3
1 16 30 17649
1 16 45 18041.7
1 16 0 17546.1
1 16 15 17184.6
1 16 30 17219.4
1 16 45 17546.1
1 16 0 17282.1
1 16 15 16905.9
1 16 30 16940.1
1 16 45 16905.9
1 16 0 17356.4
1 16 15 16998.8
1 16 30 17033.2
1 16 45 17356.4
1 16 0 17566.9
1 16 15 17184.6
1 16 30 17546.1
1 16 45 17566.9
1 16 0 17498.6
1 16 15 17463.3
1 16 30 17851.8
1 16 45 17830.6
1 16 0 17649
1 16 15 18020.3
1 16 30 18041.7
1 16 45 17684.7
1 16 0 18991.3
1 16 15 18577.9
1 16 30 18615.5
1 16 45 18968.7
1 16 0 19506.8
1 16 15 19940.9
1 16 30 19546.3
1 16 45 19917.2
1 16 0 20415.6
1 16 15 19971.3
1 16 30 20391.4
1 16 45 20011.7
1 16 0 19506.8
1 16 15 19917.2
1 16 30 19940.9
1 16 45 19546.3
1 16 0 18968.7
1 16 15 18991.3
1 16 30 18615.5
1 16 45 18577.9
1 16 0 19042.4
1 16 15 19080.9
1 16 30 19443
1 16 45 19466.1
1 16 0 19321.1
1 16 15 19360.1
1 16 30 19750.9
1 16 45 19727.5
1 16 0 19561
1 16 15 19537.8
1 16 30 19135.3
1 16 45 19561
1 16 0 19321.1
1 16 15 19750.9
1 16 30 19727.5
1 16 45 19360.1
1 16 0 19845.9
1 16 15 19822.3
1 16 30 19453.2
1 16 45 19413.9
1 16 0 19917.2
1 16 15 19940.9
1 16 30 19546.3
1 16 45 19506.8
1 16 0 19042.4
1 16 15 19443
1 16 30 19466.1
1 16 45 19080.9
1 16 0 18991.3
1 16 15 18615.5
1 16 30 18968.7
1 16 45 18615.5
1 16 0 18113.5
1 16 15 18150.1
1 16 30 18494.5
1 16 45 18516.5
1 16 0 18856.6
1 16 15 19276.2
1 16 30 19253.3
1 16 45 18894.8
1 16 0 19656
1 16 15 19267.1
1 16 30 19632.6
1 16 45 19656
