1 20 0 18557.6
1 20 15 18932.2
1 20 30 18909.7
1 20 45 18520.1
1 20 0 18237.8
1 20 15 17862
1 20 30 17862
1 20 45 17898.2
1 20 0 17392
1 20 15 17757.8
1 20 30 17778.9
1 20 45 17427.2
1 20 0 17110
1 20 15 17144.6
1 20 30 17469.9
1 20 45 17490.6
1 20 0 17586.7
1 20 15 17204
1 20 30 17565.9
1 20 45 17565.9
1 20 0 17778.9
1 20 15 17757.8
1 20 30 17392
1 20 45 17778.9
1 20 0 17674
1 20 15 17709.8
1 20 30 18067.3
1 20 45 18067.3
1 20 0 17898.2
1 20 15 18259.5
1 20 30 18237.8
1 20 45 17862
1 20 0 18802.1
1 20 15 18840.2
1 20 30 19220.5
1 20 45 19197.7
1 20 0 19782.2
1 20 15 20157.5
1 20 30 19742.3
1 20 45 20181.5
1 20 0 20212.3
1 20 15 20662
1 20 30 20253.2
1 20 45 20637.5
1 20 0 19782.2
1 20 15 20157.5
1 20 30 19742.3
1 20 45 19782.2
1 20 0 19197.7
1 20 15 18840.2
1 20 30 19220.5
1 20 45 18802.1
1 20 0 19272.2
1 20 15 19701
1 20 30 19677.6
1 20 45 19311.2
1 20 0 19965.6
1 20 15 19554.2
1 20 30 19593.8
1 20 45 19965.6
1 20 0 19366.2
1 20 15 19405.4
1 20 30 19797.1
1 20 45 19797.1
1 20 0 19989.3
1 20 15 19965.6
1 20 30 19554.2
1 20 45 19593.8
1 20 0 20085.4
1 20 15 19688
1 20 30 20061.6
1 20 45 19648.2
1 20 0 19742.3
1 20 15 20157.5
1 20 30 19782.2
1 20 45 20181.5
1 20 0 19272.2
1 20 15 19677.6
1 20 30 19701
1 20 45 19311.2
1 20 0 18840.2
1 20 15 19220.5
1 20 30 19197.7
1 20 45 18802.1
1 20 0 18740
1 20 15 18369.2
1 20 30 18332.1
1 20 45 18717.7
1 20 0 19084.2
1 20 15 19122.8
1 20 30 19508.8
1 20 45 19122.8
1 20 0 19460.2
1 20 15 19869.6
1 20 30 19499.6
1 20 45 19893.2
