1 15 0 16663.7
1 15 15 16683.5
1 15 30 16320.4
1 15 45 16320.4
1 15 0 15740.5
1 15 15 15772.3
1 15 30 15772.3
1 15 45 16071.6
1 15 0 15326.3
1 15 15 15648.7
1 15 30 15667.3
1 15 45 15667.3
1 15 0 15394.9
1 15 15 15077.7
1 15 30 15108.2
1 15 45 15394.9
1 15 0 15497.9
1 15 15 15191.2
1 15 30 15497.9
1 15 45 15191.2
1 15 0 15648.7
1 15 15 15326.3
1 15 30 15667.3
1 15 45 15357.3
1 15 0 15902.4
1 15 15 15921.3
1 15 30 15574.8
1 15 45 15606.3
1 15 0 15772.3
1 15 15 16071.6
1 15 30 16090.7
1 15 45 15740.5
1 15 0 16602.4
1 15 15 16568.9
1 15 30 16917.5
1 15 45 16937.6
1 15 0 17784.4
1 15 15 17763.3
1 15 30 17397.4
1 15 45 17432.6
1 15 0 18207.9
1 15 15 18186.3
1 15 30 18186.3
1 15 45 17811.6
1 15 0 17397.4
1 15 15 17432.6
1 15 30 17784.4
1 15 45 17763.3
1 15 0 16568.9
1 15 15 16917.5
1 15 30 16937.6
1 15 45 16568.9
1 15 0 17340.4
1 15 15 17361
1 15 30 17017.5
1 15 45 16983.1
1 15 0 17231.7
1 15 15 17266.5
1 15 30 17594.2
1 15 45 17615.1
1 15 0 17445.7
1 15 15 17100.5
1 15 30 17425
1 15 45 17066
1 15 0 17231.7
1 15 15 17615.1
1 15 30 17594.2
1 15 45 17615.1
1 15 0 17699.8
1 15 15 17678.7
1 15 30 17349.5
1 15 45 17314.5
1 15 0 17397.4
1 15 15 17432.6
1 15 30 17784.4
1 15 45 17763.3
1 15 0 17340.4
1 15 15 16983.1
1 15 30 17361
1 15 45 17017.5
1 15 0 16937.6
1 15 15 16568.9
1 15 30 16602.4
1 15 45 16917.5
1 15 0 16154.7
1 15 15 16514.1
1 15 30 16494.5
1 15 45 16187.4
1 15 0 17171.2
1 15 15 16817.5
1 15 30 16851.5
1 15 45 17191.6
1 15 0 17530.4
1 15 15 17183.5
1 15 30 17148.8
1 15 45 17509.6
