1 2 0 16859.7
1 2 15 16879.8
1 2 30 16545.8
1 2 45 16879.8
1 2 0 15925.6
1 2 15 15925.6
1 2 30 15957.9
1 2 45 16260.7
1 2 0 15506.6
1 2 15 15851.6
1 2 30 15832.7
1 2 45 15537.9
1 2 0 15255.1
1 2 15 15576
1 2 30 15285.9
1 2 45 15594.5
1 2 0 15338.9
1 2 15 15680.2
1 2 30 15661.6
1 2 45 15369.9
1 2 0 15506.6
1 2 15 15851.6
1 2 30 15832.7
1 2 45 15537.9
1 2 0 16089.5
1 2 15 15789.9
1 2 30 15758
1 2 45 16108.6
1 2 0 15957.9
1 2 15 16260.7
1 2 30 15925.6
1 2 45 15957.9
1 2 0 17116.5
1 2 15 16763.8
1 2 30 16797.7
1 2 45 16763.8
1 2 0 17602
1 2 15 17972.3
1 2 30 17637.6
1 2 45 17993.7
1 2 0 18057.6
1 2 15 18021.1
1 2 30 18400.2
1 2 45 18422.1
1 2 0 17637.6
1 2 15 17602
1 2 30 17993.7
1 2 45 17972.3
1 2 0 17136.8
1 2 15 16763.8
1 2 30 17116.5
1 2 45 16797.7
1 2 0 17565.2
1 2 15 17182.9
1 2 30 17217.7
1 2 45 17544.4
1 2 0 17801.1
1 2 15 17469.7
1 2 30 17822.3
1 2 45 17822.3
1 2 0 17301.7
1 2 15 17650.9
1 2 30 17266.8
1 2 45 17630
1 2 0 17469.7
1 2 15 17434.4
1 2 30 17801.1
1 2 45 17822.3
1 2 0 17908
1 2 15 17886.7
1 2 30 17553.6
1 2 45 17518.2
1 2 0 17993.7
1 2 15 17972.3
1 2 30 17602
1 2 45 17637.6
1 2 0 17182.9
1 2 15 17565.2
1 2 30 17544.4
1 2 45 17217.7
1 2 0 16763.8
1 2 15 17116.5
1 2 30 17116.5
1 2 45 17136.8
1 2 0 16688.6
1 2 15 16344.7
1 2 30 16377.8
1 2 45 16708.4
1 2 0 17015.3
1 2 15 17393.9
1 2 30 17049.7
1 2 45 17393.9
1 2 0 17350.6
1 2 15 17715.6
1 2 30 17385.7
1 2 45 17736.6
