1 1 0 14968.4
1 1 15 14950.7
1 1 30 14672.3
1 1 45 14642.6
1 1 0 14436.6
1 1 15 14122.3
1 1 30 14419.4
1 1 45 14150.9
1 1 0 14056.6
1 1 15 13750.7
1 1 30 14040
1 1 45 13778.5
1 1 0 13527.7
1 1 15 13812.3
1 1 30 13555.1
1 1 45 13828.7
1 1 0 13888.2
1 1 15 13904.7
1 1 30 13629.6
1 1 45 13602.1
1 1 0 13750.7
1 1 15 14040
1 1 30 13778.5
1 1 45 14056.6
1 1 0 14284.6
1 1 15 14002
1 1 30 14267.6
1 1 45 13973.7
1 1 0 14436.6
1 1 15 14419.4
1 1 30 14122.3
1 1 45 14150.9
1 1 0 15196.4
1 1 15 14865.6
1 1 30 15178.3
1 1 45 14895.7
1 1 0 15937.3
1 1 15 15608.9
1 1 30 15640.5
1 1 45 15956.2
1 1 0 16012.9
1 1 15 16336.1
1 1 30 15980.6
1 1 45 16316.7
1 1 0 15608.9
1 1 15 15640.5
1 1 30 15956.2
1 1 45 15937.3
1 1 0 14865.6
1 1 15 15196.4
1 1 30 14895.7
1 1 45 15178.3
1 1 0 15557.8
1 1 15 15237.3
1 1 30 15268.1
1 1 45 15576.3
1 1 0 15491.5
1 1 15 15785.5
1 1 30 15460.3
1 1 45 15804.2
1 1 0 15342.6
1 1 15 15311.6
1 1 30 15633.7
1 1 45 15652.3
1 1 0 15785.5
1 1 15 15491.5
1 1 30 15804.2
1 1 45 15460.3
1 1 0 15566
1 1 15 15880.2
1 1 30 15861.4
1 1 45 15534.6
1 1 0 15640.5
1 1 15 15608.9
1 1 30 15956.2
1 1 45 15937.3
1 1 0 15557.8
1 1 15 15268.1
1 1 30 15237.3
1 1 45 15576.3
1 1 0 14895.7
1 1 15 15196.4
1 1 30 14865.6
1 1 45 15178.3
1 1 0 14494
1 1 15 14798.9
1 1 30 14816.5
1 1 45 14523.3
1 1 0 15424.3
1 1 15 15406
1 1 30 15119.1
1 1 45 15088.6
1 1 0 15385.9
1 1 15 15728.3
1 1 30 15709.6
1 1 45 15417
