1 29 0 13594.1
1 29 15 13852
1 29 30 13852
1 29 45 13566.6
1 29 0 13359.8
1 29 15 13111
1 29 30 13084.6
1 29 45 13375.7
1 29 0 12740.2
1 29 15 13008.2
1 29 30 12740.2
1 29 45 12766
1 29 0 12812.5
1 29 15 12559
1 29 30 12797.3
1 29 45 12533.6
1 29 0 12628
1 29 15 12867.6
1 29 30 12882.9
1 29 45 12882.9
1 29 0 13008.2
1 29 15 12766
1 29 30 13023.7
1 29 45 13023.7
1 29 0 13234.9
1 29 15 13219.2
1 29 30 12946.8
1 29 45 13234.9
1 29 0 13359.8
1 29 15 13111
1 29 30 13375.7
1 29 45 13084.6
1 29 0 13801.1
1 29 15 14062.9
1 29 30 14079.7
1 29 45 13773.2
1 29 0 14461.9
1 29 15 14783.6
1 29 30 14766.1
1 29 45 14491.1
1 29 0 15117.7
1 29 15 15135.6
1 29 30 14806.2
1 29 45 14836.2
1 29 0 14783.6
1 29 15 14461.9
1 29 30 14491.1
1 29 45 14766.1
1 29 0 14062.9
1 29 15 14079.7
1 29 30 13801.1
1 29 45 13773.2
1 29 0 14117.6
1 29 15 14414.5
1 29 30 14431.7
1 29 45 14146.1
1 29 0 14642.8
1 29 15 14625.5
1 29 30 14353.1
1 29 45 14353.1
1 29 0 14484.8
1 29 15 14215.1
1 29 30 14502.1
1 29 45 14186.4
1 29 0 14324.1
1 29 15 14625.5
1 29 30 14353.1
1 29 45 14642.8
1 29 0 14422.1
1 29 15 14393
1 29 30 14695.8
1 29 45 14713.2
1 29 0 14766.1
1 29 15 14461.9
1 29 30 14491.1
1 29 45 14491.1
1 29 0 14431.7
1 29 15 14146.1
1 29 30 14117.6
1 29 45 14414.5
1 29 0 13773.2
1 29 15 14062.9
1 29 30 13801.1
1 29 45 14079.7
1 29 0 13428.9
1 29 15 13711.4
1 29 30 13456.1
1 29 45 13428.9
1 29 0 14273.9
1 29 15 13979.8
1 29 30 14290.9
1 29 45 14008.1
1 29 0 14572.5
1 29 15 14284.1
1 29 30 14255.3
1 29 45 14555.2
