1 6 0 17556.4
1 6 15 17535.6
1 6 30 17209
1 6 45 17535.6
1 6 0 16932.6
1 6 15 16597.6
1 6 30 16912.5
1 6 45 16932.6
1 6 0 16467.4
1 6 15 16487
1 6 30 16160.8
1 6 45 16128.2
1 6 0 15898.7
1 6 15 15866.6
1 6 30 16219.6
1 6 45 16200.4
1 6 0 16289.4
1 6 15 15986.1
1 6 30 16308.8
1 6 45 15986.1
1 6 0 16128.2
1 6 15 16160.8
1 6 30 16467.4
1 6 45 16487
1 6 0 16734.5
1 6 15 16422.8
1 6 30 16389.7
1 6 45 16389.7
1 6 0 16564
1 6 15 16932.6
1 6 30 16912.5
1 6 45 16564
1 6 0 17435.8
1 6 15 17471.1
1 6 30 17823.8
1 6 45 17435.8
1 6 0 18715
1 6 15 18307.6
1 6 30 18344.7
1 6 45 18692.7
1 6 0 19160.6
1 6 15 19137.8
1 6 30 18743.5
1 6 45 18781.4
1 6 0 18344.7
1 6 15 18715
1 6 30 18307.6
1 6 45 18692.7
1 6 0 17802.6
1 6 15 17823.8
1 6 30 17435.8
1 6 45 17471.1
1 6 0 18269.4
1 6 15 17907.9
1 6 30 17871.7
1 6 45 18247.7
1 6 0 18536.7
1 6 15 18514.7
1 6 30 18170
1 6 45 18514.7
1 6 0 18358.5
1 6 15 17958.9
1 6 30 17995.2
1 6 45 18336.7
1 6 0 18170
1 6 15 18514.7
1 6 30 18133.3
1 6 45 18536.7
1 6 0 18625.8
1 6 15 18603.7
1 6 30 18220.5
1 6 45 18257.3
1 6 0 18307.6
1 6 15 18344.7
1 6 30 18692.7
1 6 45 18715
1 6 0 18269.4
1 6 15 17907.9
1 6 30 18247.7
1 6 45 17871.7
1 6 0 17823.8
1 6 15 17802.6
1 6 30 17435.8
1 6 45 17471.1
1 6 0 17034.3
1 6 15 17357.5
1 6 30 17378.2
1 6 45 16999.9
1 6 0 17697.4
1 6 15 18069.7
1 6 30 17733.2
1 6 45 18091.1
1 6 0 18447.6
1 6 15 18425.7
1 6 30 18082.6
1 6 45 18082.6
