10 20 0 14479.7
10 20 15 14479.7
10 20 30 14210.1
10 20 45 14181.4
10 20 0 13798.1
10 20 15 13826
10 20 30 13826
10 20 45 14105.1
10 20 0 13211.5
10 20 15 13478.2
10 20 30 13478.2
10 20 45 13184.8
10 20 0 13321.5
10 20 15 13057.9
10 20 30 13305.7
10 20 45 13031.5
10 20 0 13288.3
10 20 15 13556.6
10 20 30 13261.5
10 20 45 13540.5
10 20 0 14088.3
10 20 15 13826
10 20 30 14105.1
10 20 45 13798.1
10 20 0 14888.7
10 20 15 14564.6
10 20 30 14871
10 20 45 14594.1
10 20 0 15262.4
10 20 15 15280.5
10 20 30 14978.2
10 20 45 14947.9
10 20 0 15672.3
10 20 15 15653.7
10 20 30 15331.2
10 20 45 15362.2
10 20 0 16436.4
10 20 15 16130.3
10 20 30 16455.9
10 20 45 16436.4
10 20 0 16592.9
10 20 15 16283.9
10 20 30 16251.1
10 20 45 16251.1
10 20 0 16534.3
10 20 15 16174.4
10 20 30 16514.7
10 20 45 16207.1
10 20 0 15358.9
10 20 15 15055
10 20 30 15024.6
10 20 45 15340.6
10 20 0 16279.9
10 20 15 16299.2
10 20 30 15944.5
10 20 45 15976.7
10 20 0 16251.1
10 20 15 16612.7
10 20 30 16592.9
10 20 45 16283.9
10 20 0 16174.4
10 20 15 16534.3
10 20 30 16514.7
10 20 45 16514.7
10 20 0 16327.7
10 20 15 16360.8
10 20 30 16671.2
10 20 45 16691
10 20 0 16898.4
10 20 15 17219.1
10 20 30 16864.3
10 20 45 17239.5
10 20 0 16926.1
10 20 15 16557.7
10 20 30 16906
10 20 45 16591.2
10 20 0 16251.1
10 20 15 16592.9
10 20 30 16283.9
10 20 45 16612.7
10 20 0 16279.9
10 20 15 15944.5
10 20 30 15976.7
10 20 45 16279.9
10 20 0 16436.4
10 20 15 16455.9
10 20 30 16130.3
10 20 45 16097.8
10 20 0 16299.2
10 20 15 15944.5
10 20 30 15976.7
10 20 45 16279.9
10 20 0 15985.8
10 20 15 15637.8
10 20 30 15966.8
10 20 45 15637.8
