10 8 0 12140.3
10 8 15 12115.7
10 8 30 12115.7
10 8 45 12385.3
10 8 0 12050.6
10 8 15 12036.3
10 8 30 12036.3
10 8 45 11812.1
10 8 0 11287.2
10 8 15 11264.4
10 8 30 11515
10 8 45 11501.3
10 8 0 11367.6
10 8 15 11155.9
10 8 30 11133.4
10 8 45 11381.1
10 8 0 11581.9
10 8 15 11568.2
10 8 30 11581.9
10 8 45 11352.8
10 8 0 12050.6
10 8 15 11812.1
10 8 30 11788.3
10 8 45 12036.3
10 8 0 12720
10 8 15 12443.2
10 8 30 12704.9
10 8 45 12468.4
10 8 0 13039.3
10 8 15 12770.6
10 8 30 13054.8
10 8 45 12770.6
10 8 0 13124.6
10 8 15 13389.5
10 8 30 13098.1
10 8 45 13373.6
10 8 0 14059
10 8 15 14042.3
10 8 30 13780.8
10 8 45 14042.3
10 8 0 13884
10 8 15 13912.1
10 8 30 14192.9
10 8 45 14176
10 8 0 13818.5
10 8 15 14125.9
10 8 30 14109.2
10 8 45 13846.4
10 8 0 12862.1
10 8 15 12836.1
10 8 30 13106.2
10 8 45 12862.1
10 8 0 13649.6
10 8 15 13925.1
10 8 30 13908.6
10 8 45 13622
10 8 0 14176
10 8 15 13884
10 8 30 14192.9
10 8 45 13912.1
10 8 0 14125.9
10 8 15 14109.2
10 8 30 13846.4
10 8 45 13818.5
10 8 0 13977.7
10 8 15 14259.8
10 8 30 13949.5
10 8 45 14242.9
10 8 0 14407.9
10 8 15 14437.1
10 8 30 14728.5
10 8 45 14728.5
10 8 0 14460.7
10 8 15 14146
10 8 30 14443.5
10 8 45 14174.6
10 8 0 14192.9
10 8 15 13912.1
10 8 30 14176
10 8 45 13884
10 8 0 13925.1
10 8 15 13908.6
10 8 30 13649.6
10 8 45 13649.6
10 8 0 13780.8
10 8 15 14042.3
10 8 30 14059
10 8 45 14042.3
10 8 0 13908.6
10 8 15 13649.6
10 8 30 13925.1
10 8 45 13622
10 8 0 13360.1
10 8 15 13387.1
10 8 30 13641.1
10 8 45 13657.3
