10 28 0 12412.9
10 28 15 12663.5
10 28 30 12663.5
10 28 45 12648.5
10 28 0 12053.1
10 28 15 12077.4
10 28 30 12321.2
10 28 45 12077.4
10 28 0 11517.4
10 28 15 11517.4
10 28 30 11759.6
10 28 45 11759.6
10 28 0 11636.7
10 28 15 11622.9
10 28 30 11406.5
10 28 45 11383.4
10 28 0 11607.8
10 28 15 11842.1
10 28 30 11828
10 28 45 11584.3
10 28 0 12306.6
10 28 15 12321.2
10 28 30 12053.1
10 28 45 12077.4
10 28 0 12990.3
10 28 15 12748.4
10 28 30 12748.4
10 28 45 13005.7
10 28 0 13348
10 28 15 13332.2
10 28 30 13057.5
10 28 45 13083.9
10 28 0 13419.4
10 28 15 13392.3
10 28 30 13674
10 28 45 13690.3
10 28 0 14090.3
10 28 15 14357.7
10 28 30 14061.9
10 28 45 14374.8
10 28 0 14494.4
10 28 15 14195.8
10 28 30 14224.5
10 28 45 14511.7
10 28 0 14426.1
10 28 15 14157.4
10 28 30 14443.2
10 28 45 14128.9
10 28 0 13151
10 28 15 13416.5
10 28 30 13400.5
10 28 45 13124.4
10 28 0 14237.9
10 28 15 13928
10 28 30 14221
10 28 45 13956.2
10 28 0 14494.4
10 28 15 14224.5
10 28 30 14195.8
10 28 45 14511.7
10 28 0 14157.4
10 28 15 14443.2
10 28 30 14128.9
10 28 45 14128.9
10 28 0 14562.8
10 28 15 14580.1
10 28 30 14291.6
10 28 45 14262.8
10 28 0 15059.3
10 28 15 15041.4
10 28 30 14731.5
10 28 45 14761.3
10 28 0 14767.9
10 28 15 14785.5
10 28 30 14492.9
10 28 45 14463.7
10 28 0 14195.8
10 28 15 14224.5
10 28 30 14511.7
10 28 45 14494.4
10 28 0 13956.2
10 28 15 13928
10 28 30 14237.9
10 28 45 14221
10 28 0 14090.3
10 28 15 14374.8
10 28 30 14061.9
10 28 45 14357.7
10 28 0 14237.9
10 28 15 13956.2
10 28 30 13928
10 28 45 14221
10 28 0 13660.1
10 28 15 13964.1
10 28 30 13947.5
10 28 45 13687.8
