10 24 0 14693.7
10 24 15 14420.1
10 24 30 14391
10 24 45 14711.2
10 24 0 14313.6
10 24 15 14296.6
10 24 30 14030.3
10 24 45 14002
10 24 0 13661.2
10 24 15 13406.8
10 24 30 13677.4
10 24 45 13379.7
10 24 0 13502.3
10 24 15 13518.4
10 24 30 13250.9
10 24 45 13224.1
10 24 0 13484.7
10 24 15 13457.5
10 24 30 13457.5
10 24 45 13756.9
10 24 0 14296.6
10 24 15 14002
10 24 30 14030.3
10 24 45 14313.6
10 24 0 14779.9
10 24 15 15108.8
10 24 30 15090.8
10 24 45 15108.8
10 24 0 15168.9
10 24 15 15487.9
10 24 30 15199.5
10 24 45 15487.9
10 24 0 15904
10 24 15 15557.8
10 24 30 15885.1
10 24 45 15589.3
10 24 0 16368.7
10 24 15 16699.2
10 24 30 16679.3
10 24 45 16368.7
10 24 0 16838.2
10 24 15 16491.3
10 24 30 16858.2
10 24 45 16524.6
10 24 0 16413.5
10 24 15 16446.7
10 24 30 16758.8
10 24 45 16778.7
10 24 0 15567.4
10 24 15 15277.5
10 24 30 15246.7
10 24 45 15585.9
10 24 0 16540.1
10 24 15 16180.1
10 24 30 16520.5
10 24 45 16212.8
10 24 0 16838.2
10 24 15 16524.6
10 24 30 16858.2
10 24 45 16491.3
10 24 0 16758.8
10 24 15 16446.7
10 24 30 16413.5
10 24 45 16778.7
10 24 0 16569.1
10 24 15 16917.6
10 24 30 16602.6
10 24 45 16937.7
10 24 0 17113.6
10 24 15 17148.2
10 24 30 17473.6
10 24 45 17494.4
10 24 0 17176.3
10 24 15 16836.4
10 24 30 17155.9
10 24 45 17155.9
10 24 0 16491.3
10 24 15 16858.2
10 24 30 16838.2
10 24 45 16524.6
10 24 0 16520.5
10 24 15 16180.1
10 24 30 16540.1
10 24 45 16212.8
10 24 0 16699.2
10 24 15 16335.7
10 24 30 16679.3
10 24 45 16368.7
10 24 0 16212.8
10 24 15 16520.5
10 24 30 16180.1
10 24 45 16540.1
10 24 0 15869
10 24 15 16222
10 24 30 15901.1
10 24 45 16202.8
