10 19 0 14765.9
10 19 15 14473.8
10 19 30 14748.4
10 19 45 14473.8
10 19 0 14054.1
10 19 15 14054.1
10 19 30 14366.8
10 19 45 14349.8
10 19 0 13728.3
10 19 15 13712
10 19 30 13728.3
10 19 45 13429.5
10 19 0 13273.4
10 19 15 13552.6
10 19 30 13273.4
10 19 45 13568.7
10 19 0 13507.6
10 19 15 13808.1
10 19 30 13791.7
10 19 45 13534.9
10 19 0 14082.6
10 19 15 14366.8
10 19 30 14054.1
10 19 45 14349.8
10 19 0 15165
10 19 15 14834.9
10 19 30 14864.9
10 19 45 15147
10 19 0 15256.1
10 19 15 15545.6
10 19 30 15564.1
10 19 45 15256.1
10 19 0 15615.7
10 19 15 15647.3
10 19 30 15944.2
10 19 45 15647.3
10 19 0 16396.5
10 19 15 16761.3
10 19 30 16741.4
10 19 45 16429.7
10 19 0 16552.7
10 19 15 16920.9
10 19 30 16586.1
10 19 45 16552.7
10 19 0 16507.9
10 19 15 16841.1
10 19 30 16474.6
10 19 45 16821.1
10 19 0 15334.4
10 19 15 15303.4
10 19 30 15625.3
10 19 45 15334.4
10 19 0 16273.2
10 19 15 16582
10 19 30 16601.7
10 19 45 16582
10 19 0 16586.1
10 19 15 16900.9
10 19 30 16552.7
10 19 45 16920.9
10 19 0 16821.1
10 19 15 16474.6
10 19 30 16507.9
10 19 45 16841.1
10 19 0 17000.8
10 19 15 16630.7
10 19 30 16980.6
10 19 45 16664.4
10 19 0 17212
10 19 15 17538.6
10 19 30 17177.3
10 19 45 17538.6
10 19 0 16899.1
10 19 15 17240.2
10 19 30 17219.7
10 19 45 16865
10 19 0 16920.9
10 19 15 16552.7
10 19 30 16900.9
10 19 45 16586.1
10 19 0 16273.2
10 19 15 16240.3
10 19 30 16582
10 19 45 16601.7
10 19 0 16396.5
10 19 15 16429.7
10 19 30 16761.3
10 19 45 16741.4
10 19 0 16582
10 19 15 16240.3
10 19 30 16601.7
10 19 45 16273.2
10 19 0 16263.1
10 19 15 16282.4
10 19 30 15928
10 19 45 15960.2
