10 27 0 14098.4
10 27 15 14394.9
10 27 30 14412
10 27 45 14412
10 27 0 13745.1
10 27 15 13745.1
10 27 30 13745.1
10 27 45 14022.5
10 27 0 13383.4
10 27 15 13399.3
10 27 30 13134.2
10 27 45 13107.7
10 27 0 13227.8
10 27 15 13243.5
10 27 30 12955.3
10 27 45 12981.5
10 27 0 13210.5
10 27 15 13183.9
10 27 30 13461.2
10 27 45 13183.9
10 27 0 13717.3
10 27 15 14022.5
10 27 30 14005.9
10 27 45 13745.1
10 27 0 14784
10 27 15 14801.6
10 27 30 14508.7
10 27 45 14479.4
10 27 0 15173
10 27 15 14860.4
10 27 30 14890.5
10 27 45 15191.1
10 27 0 15580.6
10 27 15 15562.1
10 27 30 15241.5
10 27 45 15272.3
10 27 0 16359.6
10 27 15 16340.2
10 27 30 16035.9
10 27 45 16003.6
10 27 0 16188.6
10 27 15 16156
10 27 30 16495.8
10 27 45 16156
10 27 0 16418
10 27 15 16112.3
10 27 30 16437.5
10 27 45 16079.8
10 27 0 14966.9
10 27 15 15250.9
10 27 30 14936.7
10 27 45 15269
10 27 0 15883.2
10 27 15 16184.6
10 27 30 15851.1
10 27 45 16203.8
10 27 0 16515.4
10 27 15 16156
10 27 30 16188.6
10 27 45 16495.8
10 27 0 16079.8
10 27 15 16437.5
10 27 30 16112.3
10 27 45 16418
10 27 0 16573.6
10 27 15 16232.2
10 27 30 16593.3
10 27 45 16265
10 27 0 16799.5
10 27 15 17138.7
10 27 30 17118.3
10 27 45 16765.6
10 27 0 16827
10 27 15 16460.8
10 27 30 16807.1
10 27 45 16494.1
10 27 0 16515.4
10 27 15 16188.6
10 27 30 16495.8
10 27 45 16156
10 27 0 16184.6
10 27 15 15883.2
10 27 30 15851.1
10 27 45 16203.8
10 27 0 16035.9
10 27 15 16359.6
10 27 30 16003.6
10 27 45 16340.2
10 27 0 16184.6
10 27 15 15851.1
10 27 30 15883.2
10 27 45 16203.8
10 27 0 15892.2
10 27 15 15577.8
10 27 30 15873.3
10 27 45 15546.3
