10 1 0 12451
10 1 15 12465.8
10 1 30 12194.5
10 1 45 12451
10 1 0 12114.5
10 1 15 11888.9
10 1 30 12128.9
10 1 45 12128.9
10 1 0 11576.1
10 1 15 11360.5
10 1 30 11360.5
10 1 45 11337.6
10 1 0 11228.4
10 1 15 11205.7
10 1 30 11441.5
10 1 45 11205.7
10 1 0 11643.4
10 1 15 11426.6
10 1 30 11657.2
10 1 45 11403.5
10 1 0 11864.9
10 1 15 11888.9
10 1 30 12128.9
10 1 45 12114.5
10 1 0 12802.7
10 1 15 12524.1
10 1 30 12787.5
10 1 45 12802.7
10 1 0 12879.6
10 1 15 13139.6
10 1 30 13124
10 1 45 12853.6
10 1 0 13476.5
10 1 15 13209.9
10 1 30 13183.2
10 1 45 13183.2
10 1 0 14133.6
10 1 15 14150.4
10 1 30 13842.4
10 1 45 13870.4
10 1 0 14285.1
10 1 15 13974.2
10 1 30 14002.5
10 1 45 14268.2
10 1 0 14200.9
10 1 15 13908.3
10 1 30 13936.4
10 1 45 14217.7
10 1 0 13191.3
10 1 15 12919.6
10 1 30 13207
10 1 45 12945.7
10 1 0 13710.6
10 1 15 13738.3
10 1 30 13999
10 1 45 14015.6
10 1 0 13974.2
10 1 15 14285.1
10 1 30 14268.2
10 1 45 14002.5
10 1 0 13936.4
10 1 15 14200.9
10 1 30 14217.7
10 1 45 13908.3
10 1 0 14352.5
10 1 15 14068.5
10 1 30 14040.1
10 1 45 14335.5
10 1 0 14501.5
10 1 15 14530.9
10 1 30 14824.2
10 1 45 14806.6
10 1 0 14266.7
10 1 15 14537.4
10 1 30 14554.7
10 1 45 14237.9
10 1 0 14268.2
10 1 15 14002.5
10 1 30 14285.1
10 1 45 13974.2
10 1 0 13738.3
10 1 15 13999
10 1 30 14015.6
10 1 45 14015.6
10 1 0 13870.4
10 1 15 13842.4
10 1 30 14150.4
10 1 45 14133.6
10 1 0 14015.6
10 1 15 13999
10 1 30 13710.6
10 1 45 13999
10 1 0 13446.9
10 1 15 13474.1
10 1 30 13746.1
10 1 45 13729.8
