10 13 0 14371.1
10 13 15 14058.4
10 13 30 14371.1
10 13 45 14058.4
10 13 0 13706.1
10 13 15 13982.7
10 13 30 13966.1
10 13 45 13678.4
10 13 0 13070.5
10 13 15 13096.9
10 13 30 13361.3
10 13 45 13345.4
10 13 0 13205.9
10 13 15 12918.5
10 13 30 12944.6
10 13 45 13190.2
10 13 0 13439
10 13 15 13423
10 13 30 13173.1
10 13 45 13423
10 13 0 13678.4
10 13 15 13966.1
10 13 30 13706.1
10 13 45 13982.7
10 13 0 14742
10 13 15 14438.3
10 13 30 14467.5
10 13 45 14759.6
10 13 0 15148
10 13 15 14818.3
10 13 30 15130
10 13 45 14848.2
10 13 0 15229
10 13 15 15517.9
10 13 30 15536.4
10 13 45 15198.2
10 13 0 15958.1
10 13 15 16293.8
10 13 30 15990.4
10 13 45 16313.2
10 13 0 16468.6
10 13 15 16449
10 13 30 16142.7
10 13 45 16142.7
10 13 0 16034.1
10 13 15 16390.9
10 13 30 16371.4
10 13 45 16034.1
10 13 0 15207.6
10 13 15 14894.3
10 13 30 14924.4
10 13 45 15207.6
10 13 0 16157.8
10 13 15 15806.2
10 13 30 15838.1
10 13 45 16138.6
10 13 0 16142.7
10 13 15 16110.1
10 13 30 16468.6
10 13 45 16449
10 13 0 16066.6
10 13 15 16390.9
10 13 30 16034.1
10 13 45 16034.1
10 13 0 16186.1
10 13 15 16546.2
10 13 30 16218.8
10 13 45 16526.6
10 13 0 16718
10 13 15 17090
10 13 30 16751.9
10 13 45 17090
10 13 0 16447.3
10 13 15 16759.4
10 13 30 16779.3
10 13 45 16414.1
10 13 0 16468.6
10 13 15 16110.1
10 13 30 16449
10 13 45 16142.7
10 13 0 16157.8
10 13 15 16138.6
10 13 30 15838.1
10 13 45 15806.2
10 13 0 15958.1
10 13 15 15990.4
10 13 30 16293.8
10 13 45 16313.2
10 13 0 15838.1
10 13 15 15806.2
10 13 30 16138.6
10 13 45 16157.8
10 13 0 15533.5
10 13 15 15502.2
10 13 30 15847.1
10 13 45 15828.3
