10 5 0 10574
10 5 15 10552.7
10 5 30 10574
10 5 45 10774.6
10 5 0 10495.9
10 5 15 10483.4
10 5 30 10495.9
10 5 45 10267.5
10 5 0 10029.4
10 5 15 10029.4
10 5 30 10017.5
10 5 45 9830.97
10 5 0 9716.65
10 5 15 9901.02
10 5 30 9697.04
10 5 45 9912.79
10 5 0 10087.7
10 5 15 9888.12
10 5 30 9868.16
10 5 45 10075.7
10 5 0 10267.5
10 5 15 10495.9
10 5 30 10288.2
10 5 45 10483.4
10 5 0 11065.8
10 5 15 10859.8
10 5 30 11079
10 5 45 10837.9
10 5 0 11357.1
10 5 15 11123.1
10 5 30 11145.6
10 5 45 11370.6
10 5 0 11408.3
10 5 15 11662.1
10 5 30 11648.3
10 5 45 11431.4
10 5 0 12230.7
10 5 15 12002.9
10 5 30 12245.2
10 5 45 11978.7
10 5 0 12092.8
10 5 15 12117.2
10 5 30 12347.2
10 5 45 12361.8
10 5 0 12288.9
10 5 15 12060.1
10 5 30 12303.5
10 5 45 12035.7
10 5 0 11428.9
10 5 15 11180.1
10 5 30 11202.7
10 5 45 11415.3
10 5 0 12114.2
10 5 15 12128.6
10 5 30 11888.6
10 5 45 11864.6
10 5 0 12361.8
10 5 15 12092.8
10 5 30 12117.2
10 5 45 12117.2
10 5 0 12060.1
10 5 15 12288.9
10 5 30 12303.5
10 5 45 12035.7
10 5 0 12174.4
10 5 15 12405.4
10 5 30 12420.1
10 5 45 12149.8
10 5 0 12549.1
10 5 15 12813.1
10 5 30 12828.3
10 5 45 12574.5
10 5 0 12595.1
10 5 15 12580.1
10 5 30 12345.9
10 5 45 12580.1
10 5 0 12361.8
10 5 15 12347.2
10 5 30 12092.8
10 5 45 12092.8
10 5 0 11864.6
10 5 15 12114.2
10 5 30 11888.6
10 5 45 12128.6
10 5 0 12002.9
10 5 15 11978.7
10 5 30 12230.7
10 5 45 12245.2
10 5 0 11864.6
10 5 15 11888.6
10 5 30 12128.6
10 5 45 12114.2
10 5 0 11895.3
10 5 15 11660
10 5 30 11636.4
10 5 45 11881.2
