10 14 0 12721.5
10 14 15 12484.6
10 14 30 12721.5
10 14 45 12459.4
10 14 0 12377.7
10 14 15 12392.4
10 14 30 12147.2
10 14 45 12392.4
10 14 0 11607.3
10 14 15 11841.6
10 14 30 11827.6
10 14 45 11583.9
10 14 0 11703.9
10 14 15 11690
10 14 30 11472.4
10 14 45 11449.2
10 14 0 11674.8
10 14 15 11651.3
10 14 30 11910.5
10 14 45 11674.8
10 14 0 12377.7
10 14 15 12122.7
10 14 30 12147.2
10 14 45 12122.7
10 14 0 13080.9
10 14 15 13065.3
10 14 30 12822.1
10 14 45 12796.2
10 14 0 13409.2
10 14 15 13425.1
10 14 30 13159.5
10 14 45 13132.9
10 14 0 13496.9
10 14 15 13469.7
10 14 30 13769.3
10 14 45 13753
10 14 0 14457.8
10 14 15 14143.1
10 14 30 14440.6
10 14 45 14171.7
10 14 0 14595.5
10 14 15 14578.2
10 14 30 14306.7
10 14 45 14595.5
10 14 0 14239.2
10 14 15 14509.4
10 14 30 14210.5
10 14 45 14526.7
10 14 0 13494
10 14 15 13227
10 14 30 13477.9
10 14 45 13200.3
10 14 0 14036.8
10 14 15 14303.1
10 14 30 14008.4
10 14 45 14320.1
10 14 0 14578.2
10 14 15 14595.5
10 14 30 14277.8
10 14 45 14578.2
10 14 0 14239.2
10 14 15 14509.4
10 14 30 14526.7
10 14 45 14526.7
10 14 0 14374.2
10 14 15 14646.9
10 14 30 14664.3
10 14 45 14345.2
10 14 0 15146.3
10 14 15 15128.3
10 14 30 14846.6
10 14 45 14816.6
10 14 0 14853.2
10 14 15 14547.2
10 14 30 14870.9
10 14 45 14576.6
10 14 0 14595.5
10 14 15 14306.7
10 14 30 14277.8
10 14 45 14578.2
10 14 0 14320.1
10 14 15 14036.8
10 14 30 14303.1
10 14 45 14008.4
10 14 0 14457.8
10 14 15 14440.6
10 14 30 14171.7
10 14 45 14143.1
10 14 0 14303.1
10 14 15 14320.1
10 14 30 14008.4
10 14 45 14036.8
10 14 0 13766.8
10 14 15 14044.7
10 14 30 13739
10 14 45 13766.8
