10 11 0 14789.9
10 11 15 15088.4
10 11 30 14760
10 11 45 15088.4
10 11 0 14390.1
10 11 15 14680.6
10 11 30 14663.2
10 11 45 14663.2
10 11 0 14028.1
10 11 15 13722.8
10 11 30 13722.8
10 11 45 13750.6
10 11 0 13563.2
10 11 15 13590.7
10 11 30 13865
10 11 45 13590.7
10 11 0 13830.5
10 11 15 13802.6
10 11 30 14109.7
10 11 45 14092.9
10 11 0 14663.2
10 11 15 14390.1
10 11 30 14680.6
10 11 45 14361.1
10 11 0 15189.6
10 11 15 15496.2
10 11 30 15158.9
10 11 45 15158.9
10 11 0 15589.3
10 11 15 15904
10 11 30 15885.1
10 11 45 15885.1
10 11 0 15989
10 11 15 16292.4
10 11 30 15956.8
10 11 45 16311.8
10 11 0 16788.5
10 11 15 17127.4
10 11 30 16754.6
10 11 45 17107
10 11 0 16914.2
10 11 15 17270
10 11 30 16948.4
10 11 45 17290.5
10 11 0 17208.9
10 11 15 16868.4
10 11 30 17188.5
10 11 45 16834.4
10 11 0 15985.5
10 11 15 15966.6
10 11 30 15669.3
10 11 45 15637.6
10 11 0 16595
10 11 15 16628.6
10 11 30 16964.3
10 11 45 16628.6
10 11 0 16914.2
10 11 15 17270
10 11 30 17290.5
10 11 45 16948.4
10 11 0 17188.5
10 11 15 16868.4
10 11 30 17208.9
10 11 45 16834.4
10 11 0 17028.3
10 11 15 17351.4
10 11 30 17372.1
10 11 45 16993.9
10 11 0 17921.7
10 11 15 17943
10 11 30 17587.9
10 11 45 17552.4
10 11 0 17268.2
10 11 15 17233.3
10 11 30 17595.8
10 11 45 17595.8
10 11 0 17290.5
10 11 15 16948.4
10 11 30 17270
10 11 45 16914.2
10 11 0 16964.3
10 11 15 16628.6
10 11 30 16595
10 11 45 16944.1
10 11 0 16754.6
10 11 15 16788.5
10 11 30 17107
10 11 45 17127.4
10 11 0 16628.6
10 11 15 16964.3
10 11 30 16595
10 11 45 16944.1
10 11 0 16275.9
10 11 15 16308.8
10 11 30 16638
10 11 45 16618.3
