10 31 0 14629.7
10 31 15 14357.3
10 31 30 14647.1
10 31 45 14328.3
10 31 0 14251.2
10 31 15 13941.1
10 31 30 13941.1
10 31 45 13969.2
10 31 0 13601.7
10 31 15 13617.8
10 31 30 13348.4
10 31 45 13321.4
10 31 0 13459.5
10 31 15 13193.2
10 31 30 13459.5
10 31 45 13443.5
10 31 0 13426
10 31 15 13398.9
10 31 30 13680.8
10 31 45 13697
10 31 0 13941.1
10 31 15 14234.3
10 31 30 14251.2
10 31 45 13969.2
10 31 0 14715.6
10 31 15 14745.3
10 31 30 15025.1
10 31 45 15043
10 31 0 15420.5
10 31 15 15133.4
10 31 30 15438.8
10 31 45 15102.8
10 31 0 15834.7
10 31 15 15490.1
10 31 30 15815.9
10 31 45 15521.4
10 31 0 16626.4
10 31 15 16264.6
10 31 30 16297.5
10 31 45 16606.7
10 31 0 16419.5
10 31 15 16452.7
10 31 30 16764.9
10 31 45 16784.8
10 31 0 16342
10 31 15 16375.1
10 31 30 16685.8
10 31 45 16705.6
10 31 0 15499.6
10 31 15 15211
10 31 30 15518
10 31 45 15180.3
10 31 0 16142.2
10 31 15 16468.1
10 31 30 16448.5
10 31 45 16109.7
10 31 0 16452.7
10 31 15 16764.9
10 31 30 16419.5
10 31 45 16764.9
10 31 0 16705.6
10 31 15 16375.1
10 31 30 16342
10 31 45 16705.6
10 31 0 16864
10 31 15 16843.9
10 31 30 16496.9
10 31 45 16530.3
10 31 0 17073.5
10 31 15 17039.1
10 31 30 17397.5
10 31 45 17418.2
10 31 0 17081.2
10 31 15 16729.3
10 31 30 16763.1
10 31 45 17101.5
10 31 0 16784.8
10 31 15 16419.5
10 31 30 16764.9
10 31 45 16452.7
10 31 0 16468.1
10 31 15 16109.7
10 31 30 16448.5
10 31 45 16142.2
10 31 0 16264.6
10 31 15 16626.4
10 31 30 16606.7
10 31 45 16297.5
10 31 0 16448.5
10 31 15 16468.1
10 31 30 16142.2
10 31 45 16142.2
10 31 0 15831.8
10 31 15 15799.9
10 31 30 16132.2
10 31 45 16151.4
