10 26 0 14663.5
10 26 15 14373.4
10 26 30 14344.4
10 26 45 14373.4
10 26 0 13956.7
10 26 15 13984.9
10 26 30 14250.3
10 26 45 14267.2
10 26 0 13336.4
10 26 15 13616.9
10 26 30 13363.4
10 26 45 13633.1
10 26 0 13181.3
10 26 15 13458.6
10 26 30 13474.6
10 26 45 13208
10 26 0 13696.1
10 26 15 13441.1
10 26 30 13413.9
10 26 45 13712.4
10 26 0 13956.7
10 26 15 14267.2
10 26 30 14250.3
10 26 45 13956.7
10 26 0 14732.1
10 26 15 15042
10 26 30 14761.9
10 26 45 15042
10 26 0 15456.2
10 26 15 15119.8
10 26 30 15437.8
10 26 45 15150.3
10 26 0 15833.7
10 26 15 15507.5
10 26 30 15852.5
10 26 45 15538.8
10 26 0 16282.8
10 26 15 16625.3
10 26 30 16315.8
10 26 45 16645.1
10 26 0 16471.1
10 26 15 16783.7
10 26 30 16437.9
10 26 45 16471.1
10 26 0 16724.4
10 26 15 16393.5
10 26 30 16360.4
10 26 45 16724.4
10 26 0 15228
10 26 15 15535.4
10 26 30 15197.3
10 26 45 15535.4
10 26 0 16127.7
10 26 15 16467
10 26 30 16160.4
10 26 45 16486.6
10 26 0 16783.7
10 26 15 16437.9
10 26 30 16803.6
10 26 45 16471.1
10 26 0 16704.5
10 26 15 16360.4
10 26 30 16393.5
10 26 45 16704.5
10 26 0 16515.4
10 26 15 16862.8
10 26 30 16882.9
10 26 45 16548.8
10 26 0 17417
10 26 15 17058.2
10 26 30 17437.7
10 26 45 17092.7
10 26 0 17100.4
10 26 15 16748
10 26 30 16781.9
10 26 45 17120.7
10 26 0 16437.9
10 26 15 16783.7
10 26 30 16803.6
10 26 45 16783.7
10 26 0 16467
10 26 15 16160.4
10 26 30 16486.6
10 26 45 16127.7
10 26 0 16315.8
10 26 15 16625.3
10 26 30 16645.1
10 26 45 16282.8
10 26 0 16486.6
10 26 15 16127.7
10 26 30 16467
10 26 45 16467
10 26 0 15849.6
10 26 15 15817.6
10 26 30 16150.3
10 26 45 16169.5
