10 25 0 14208.9
10 25 15 14507.8
10 25 30 14507.8
10 25 45 14208.9
10 25 0 14132.5
10 25 15 13852.8
10 25 30 14132.5
10 25 45 13824.9
10 25 0 13237.1
10 25 15 13488.3
10 25 30 13488.3
10 25 45 13237.1
10 25 0 13083.2
10 25 15 13331.5
10 25 30 13056.8
10 25 45 13056.8
10 25 0 13287.2
10 25 15 13582.9
10 25 30 13582.9
10 25 45 13582.9
10 25 0 14115.7
10 25 15 13852.8
10 25 30 13824.9
10 25 45 13852.8
10 25 0 14917.6
10 25 15 14592.9
10 25 30 14899.9
10 25 45 14622.4
10 25 0 15007.2
10 25 15 14976.9
10 25 30 15310.2
10 25 45 15292
10 25 0 15702.7
10 25 15 15684.1
10 25 30 15361
10 25 45 15392
10 25 0 16468.3
10 25 15 16487.9
10 25 30 16161.6
10 25 45 16129
10 25 0 16644.9
10 25 15 16282.6
10 25 30 16315.6
10 25 45 16315.6
10 25 0 16238.6
10 25 15 16566.4
10 25 30 16205.8
10 25 45 16546.7
10 25 0 15388.7
10 25 15 15084.2
10 25 30 15370.4
10 25 45 15053.7
10 25 0 16007.7
10 25 15 15975.4
10 25 30 16311.5
10 25 45 16330.8
10 25 0 16315.6
10 25 15 16282.6
10 25 30 16644.9
10 25 45 16625.1
10 25 0 16566.4
10 25 15 16546.7
10 25 30 16238.6
10 25 45 16546.7
10 25 0 16723.4
10 25 15 16392.5
10 25 30 16359.4
10 25 45 16723.4
10 25 0 16931.2
10 25 15 16897.1
10 25 30 17273
10 25 45 17252.5
10 25 0 16938.8
10 25 15 16623.4
10 25 30 16589.8
10 25 45 16958.9
10 25 0 16625.1
10 25 15 16315.6
10 25 30 16282.6
10 25 45 16625.1
10 25 0 16311.5
10 25 15 16007.7
10 25 30 16330.8
10 25 45 15975.4
10 25 0 16487.9
10 25 15 16161.6
10 25 30 16129
10 25 45 16161.6
10 25 0 16330.8
10 25 15 16311.5
10 25 30 16007.7
10 25 45 15975.4
10 25 0 15997.8
10 25 15 16016.8
10 25 30 15699.9
10 25 45 15668.2
