10 29 0 12143.8
10 29 15 12414
10 29 30 12168.4
10 29 45 12399.2
10 29 0 12078.5
10 29 15 11815.6
10 29 30 11815.6
10 29 45 12064.1
10 29 0 11290.4
10 29 15 11313.3
10 29 30 11541.6
10 29 45 11313.3
10 29 0 11159.2
10 29 15 11181.7
10 29 30 11407.4
10 29 45 11393.9
10 29 0 11595
10 29 15 11608.7
10 29 30 11356.1
10 29 45 11379.1
10 29 0 12064.1
10 29 15 12078.5
10 29 30 11839.5
10 29 45 11815.6
10 29 0 12472
10 29 15 12734.4
10 29 30 12497.2
10 29 45 12749.5
10 29 0 13085
10 29 15 12800.2
10 29 30 13069.5
10 29 45 12826.1
10 29 0 13128.4
10 29 15 13155
10 29 30 13404.6
10 29 45 13404.6
10 29 0 14074.8
10 29 15 14091.5
10 29 30 13812.7
10 29 45 13812.7
10 29 0 13944.3
10 29 15 13916.1
10 29 30 14225.7
10 29 45 14208.9
10 29 0 14141.8
10 29 15 13878.5
10 29 30 14158.6
10 29 45 14141.8
10 29 0 13152.1
10 29 15 13136.5
10 29 30 12865.9
10 29 45 12865.9
10 29 0 13653.6
10 29 15 13957.3
10 29 30 13940.8
10 29 45 13681.2
10 29 0 13916.1
10 29 15 13944.3
10 29 30 14225.7
10 29 45 14208.9
10 29 0 13878.5
10 29 15 14158.6
10 29 30 14141.8
10 29 45 13850.5
10 29 0 14292.8
10 29 15 13981.8
10 29 30 14275.9
10 29 45 14010
10 29 0 14762.6
10 29 15 14441.3
10 29 30 14745
10 29 45 14470.5
10 29 0 14494.2
10 29 15 14207.4
10 29 30 14476.9
10 29 45 14178.7
10 29 0 13916.1
10 29 15 14208.9
10 29 30 13944.3
10 29 45 14225.7
10 29 0 13653.6
10 29 15 13940.8
10 29 30 13957.3
10 29 45 13681.2
10 29 0 13812.7
10 29 15 13784.8
10 29 30 14074.8
10 29 45 14091.5
10 29 0 13653.6
10 29 15 13957.3
10 29 30 13681.2
10 29 45 13940.8
10 29 0 13391
10 29 15 13688.9
10 29 30 13418.1
10 29 45 13672.7
