10 16 0 14380.2
10 16 15 14653.1
10 16 30 14351.2
10 16 45 14670.5
10 16 0 14257
10 16 15 14274
10 16 30 13991.5
10 16 45 14274
10 16 0 13623.4
10 16 15 13369.7
10 16 30 13342.7
10 16 45 13623.4
10 16 0 13187.6
10 16 15 13465
10 16 30 13481
10 16 45 13214.2
10 16 0 13420.3
10 16 15 13702.6
10 16 30 13447.4
10 16 45 13447.4
10 16 0 13991.5
10 16 15 14274
10 16 30 14257
10 16 45 13963.3
10 16 0 14768.8
10 16 15 15067
10 16 30 15049.1
10 16 45 14739
10 16 0 15445.1
10 16 15 15463.5
10 16 30 15126.9
10 16 45 15157.5
10 16 0 15860
10 16 15 15514.8
10 16 30 15546.2
10 16 45 15841.1
10 16 0 16633.2
10 16 15 16653
10 16 30 16653
10 16 45 16323.5
10 16 0 16791.6
10 16 15 16445.7
10 16 30 16811.6
10 16 45 16478.9
10 16 0 16712.4
10 16 15 16368.1
10 16 30 16401.2
10 16 45 16732.3
10 16 0 15235.2
10 16 15 15542.8
10 16 30 15204.5
10 16 45 15204.5
10 16 0 16494.4
10 16 15 16474.8
10 16 30 16168
10 16 45 16135.4
10 16 0 16445.7
10 16 15 16791.6
10 16 30 16478.9
10 16 45 16811.6
10 16 0 16368.1
10 16 15 16401.2
10 16 30 16732.3
10 16 45 16368.1
10 16 0 16523.2
10 16 15 16890.9
10 16 30 16556.7
10 16 45 16870.8
10 16 0 17446
10 16 15 17066.3
10 16 30 17100.8
10 16 45 17425.3
10 16 0 17108.4
10 16 15 16756
10 16 30 16789.8
10 16 45 17128.8
10 16 0 16445.7
10 16 15 16478.9
10 16 30 16811.6
10 16 45 16791.6
10 16 0 16494.4
10 16 15 16135.4
10 16 30 16168
10 16 45 16474.8
10 16 0 16633.2
10 16 15 16653
10 16 30 16290.5
10 16 45 16653
10 16 0 16474.8
10 16 15 16168
10 16 30 16494.4
10 16 45 16135.4
10 16 0 16158
10 16 15 15825.1
10 16 30 15857.1
10 16 45 16177.2
