10 30 0 14774.8
10 30 15 14482.5
10 30 30 14453.2
10 30 45 14453.2
10 30 0 14091
10 30 15 14358.4
10 30 30 14091
10 30 45 14375.5
10 30 0 13437.6
10 30 15 13736.6
10 30 30 13720.3
10 30 45 13720.3
10 30 0 13560.7
10 30 15 13308.2
10 30 30 13576.8
10 30 45 13576.8
10 30 0 13816.4
10 30 15 13800
10 30 30 13515.7
10 30 45 13543
10 30 0 14062.6
10 30 15 14358.4
10 30 30 14091
10 30 45 14091
10 30 0 14843.8
10 30 15 15174.1
10 30 30 15156.1
10 30 45 14873.9
10 30 0 15554.9
10 30 15 15573.4
10 30 30 15265.3
10 30 45 15234.5
10 30 0 15972.7
10 30 15 15625.1
10 30 30 15656.7
10 30 45 15625.1
10 30 0 16771.4
10 30 15 16751.5
10 30 30 16406.4
10 30 45 16439.5
10 30 0 16562.6
10 30 15 16931.1
10 30 30 16911
10 30 45 16596.1
10 30 0 16831.2
10 30 15 16484.5
10 30 30 16517.8
10 30 45 16851.2
10 30 0 15653.3
10 30 15 15312.6
10 30 30 15634.7
10 30 45 15343.6
10 30 0 16591.9
10 30 15 16611.7
10 30 30 16250.1
10 30 45 16283
10 30 0 16562.6
10 30 15 16596.1
10 30 30 16931.1
10 30 45 16911
10 30 0 16484.5
10 30 15 16517.8
10 30 30 16851.2
10 30 45 16831.2
10 30 0 16990.8
10 30 15 16640.7
10 30 30 17011
10 30 45 16674.4
10 30 0 17549.2
10 30 15 17570
10 30 30 17187.6
10 30 45 17222.4
10 30 0 17230.1
10 30 15 17250.6
10 30 30 16875.1
10 30 45 17230.1
10 30 0 16911
10 30 15 16562.6
10 30 30 16596.1
10 30 45 16931.1
10 30 0 16283
10 30 15 16611.7
10 30 30 16250.1
10 30 45 16591.9
10 30 0 16751.5
10 30 15 16439.5
10 30 30 16771.4
10 30 45 16771.4
10 30 0 16250.1
10 30 15 16591.9
10 30 30 16611.7
10 30 45 16283
10 30 0 16292.2
10 30 15 15937.6
10 30 30 15969.8
10 30 45 16272.9
