10 9 0 13319
10 9 15 13587.9
10 9 30 13571.7
10 9 45 13571.7
10 9 0 12932.9
10 9 15 13220.6
10 9 30 13204.9
10 9 45 13220.6
10 9 0 12383.1
10 9 15 12358.1
10 9 30 12618.1
10 9 45 12633
10 9 0 12214.4
10 9 15 12486.2
10 9 30 12471.3
10 9 45 12239.1
10 9 0 12429.9
10 9 15 12455.1
10 9 30 12455.1
10 9 45 12429.9
10 9 0 13204.9
10 9 15 13220.6
10 9 30 12932.9
10 9 45 12959
10 9 0 13938.5
10 9 15 13651.4
10 9 30 13679
10 9 45 13955.1
10 9 0 14010.6
10 9 15 14039
10 9 30 14305.3
10 9 45 14322.4
10 9 0 14398.9
10 9 15 14689.6
10 9 30 14369.9
10 9 45 14672.2
10 9 0 15424.1
10 9 15 15088.4
10 9 30 15118.9
10 9 45 15424.1
10 9 0 15552.5
10 9 15 15571
10 9 30 15232.1
10 9 45 15552.5
10 9 0 15160.2
10 9 15 15190.9
10 9 30 15497.5
10 9 45 15479.1
10 9 0 14111
10 9 15 14082.5
10 9 30 14395.8
10 9 45 14378.7
10 9 0 15259
10 9 15 15277.2
10 9 30 14974.9
10 9 45 15259
10 9 0 15232.1
10 9 15 15262.9
10 9 30 15552.5
10 9 45 15571
10 9 0 15479.1
10 9 15 15160.2
10 9 30 15497.5
10 9 45 15190.9
10 9 0 15334.9
10 9 15 15644.4
10 9 30 15303.9
10 9 45 15625.8
10 9 0 16158.6
10 9 15 15806.9
10 9 30 15838.8
10 9 45 16139.4
10 9 0 15550.9
10 9 15 15519.5
10 9 30 15845.9
10 9 45 15864.8
10 9 0 15262.9
10 9 15 15571
10 9 30 15552.5
10 9 45 15232.1
10 9 0 15259
10 9 15 14974.9
10 9 30 14944.7
10 9 45 15277.2
10 9 0 15405.8
10 9 15 15118.9
10 9 30 15424.1
10 9 45 15088.4
10 9 0 14974.9
10 9 15 15277.2
10 9 30 14944.7
10 9 45 15259
10 9 0 14657.3
10 9 15 14965.6
10 9 30 14686.9
10 9 45 14983.4
