10 6 0 11307.4
10 6 15 11535.7
10 6 30 11284.6
10 6 45 11535.7
10 6 0 11001.8
10 6 15 11223.9
10 6 30 11210.6
10 6 45 11210.6
10 6 0 10512.8
10 6 15 10712.3
10 6 30 10725
10 6 45 10491.6
10 6 0 10587.8
10 6 15 10390.6
10 6 30 10369.6
10 6 45 10600.3
10 6 0 10574
10 6 15 10552.6
10 6 30 10774.6
10 6 45 10787.4
10 6 0 11001.8
10 6 15 11210.6
10 6 30 11001.8
10 6 45 10979.6
10 6 0 11847.4
10 6 15 11833.4
10 6 30 11613
10 6 45 11589.6
10 6 0 12159.2
10 6 15 11918.6
10 6 30 11894.6
10 6 45 12144.8
10 6 0 12224.2
10 6 15 12199.6
10 6 30 12456.2
10 6 45 12471
10 6 0 12835.4
10 6 15 13094.5
10 6 30 12809.5
10 6 45 13094.5
10 6 0 13219.2
10 6 15 12957.7
10 6 30 13203.5
10 6 45 12931.5
10 6 0 12870.5
10 6 15 12896.6
10 6 30 13156.9
10 6 45 13141.3
10 6 0 11955.6
10 6 15 11979.7
10 6 30 12221.6
10 6 45 12207.1
10 6 0 12713.2
10 6 15 12969.8
10 6 30 12687.5
10 6 45 12954.4
10 6 0 12931.5
10 6 15 13219.2
10 6 30 12957.7
10 6 45 13203.5
10 6 0 12896.6
10 6 15 12870.5
10 6 30 13141.3
10 6 45 13141.3
10 6 0 13281.6
10 6 15 13265.8
10 6 30 13018.8
10 6 45 12992.5
10 6 0 13419.5
10 6 15 13718.1
10 6 30 13701.8
10 6 45 13446.7
10 6 0 13202.2
10 6 15 13468.7
10 6 30 13175.5
10 6 45 13175.5
10 6 0 13219.2
10 6 15 13203.5
10 6 30 12931.5
10 6 45 12957.7
10 6 0 12713.2
10 6 15 12954.4
10 6 30 12969.8
10 6 45 12687.5
10 6 0 12835.4
10 6 15 13079
10 6 30 12809.5
10 6 45 13094.5
10 6 0 12687.5
10 6 15 12713.2
10 6 30 12954.4
10 6 45 12687.5
10 6 0 12468.7
10 6 15 12720.4
10 6 30 12443.5
10 6 45 12705.3
