10 2 0 12227
10 2 15 11985.1
10 2 30 11985.1
10 2 45 12212.5
10 2 0 11896.5
10 2 15 11882.4
10 2 30 11637.6
10 2 45 11896.5
10 2 0 11142.9
10 2 15 11367.8
10 2 30 11354.3
10 2 45 11120.4
10 2 0 11222.3
10 2 15 11013.3
10 2 30 11235.6
10 2 45 11222.3
10 2 0 11433.9
10 2 15 11185
10 2 30 11207.6
10 2 45 11420.3
10 2 0 11896.5
10 2 15 11637.6
10 2 30 11882.4
10 2 45 11661.1
10 2 0 12309
10 2 15 12557.4
10 2 30 12284.1
10 2 45 12284.1
10 2 0 12632.9
10 2 15 12872.6
10 2 30 12887.9
10 2 45 12607.4
10 2 0 12956.8
10 2 15 12930.7
10 2 30 13202.7
10 2 45 12930.7
10 2 0 13604.7
10 2 15 13879.3
10 2 30 13577.2
10 2 45 13862.8
10 2 0 13994.8
10 2 15 13734.2
10 2 30 14011.5
10 2 45 13706.5
10 2 0 13928.8
10 2 15 13669.4
10 2 30 13641.8
10 2 45 13945.4
10 2 0 12672
10 2 15 12938.6
10 2 30 12697.7
10 2 45 12954
10 2 0 13475.1
10 2 15 13447.9
10 2 30 13730.8
10 2 45 13730.8
10 2 0 13994.8
10 2 15 13706.5
10 2 30 13734.2
10 2 45 13734.2
10 2 0 13669.4
10 2 15 13928.8
10 2 30 13641.8
10 2 45 13945.4
10 2 0 13799
10 2 15 13771.2
10 2 30 14060.8
10 2 45 14077.5
10 2 0 14252.5
10 2 15 14522.9
10 2 30 14540.2
10 2 45 14223.7
10 2 0 13965.1
10 2 15 14275.8
10 2 30 13993.4
10 2 45 14258.9
10 2 0 13734.2
10 2 15 13994.8
10 2 30 14011.5
10 2 45 13706.5
10 2 0 13447.9
10 2 15 13475.1
10 2 30 13747.1
10 2 45 13730.8
10 2 0 13879.3
10 2 15 13862.8
10 2 30 13604.7
10 2 45 13577.2
10 2 0 13747.1
10 2 15 13447.9
10 2 30 13730.8
10 2 45 13475.1
10 2 0 13215.9
10 2 15 13466.7
10 2 30 13482.7
10 2 45 13189.3
