10 22 0 12114.7
10 22 15 12344.6
10 22 30 12359.3
10 22 45 12344.6
10 22 0 12011
10 22 15 11787.3
10 22 30 11763.5
10 22 45 11763.5
10 22 0 11490.8
10 22 15 11477.2
10 22 30 11490.8
10 22 45 11263.4
10 22 0 11110
10 22 15 11132.5
10 22 30 11357.2
10 22 45 11343.7
10 22 0 11557.6
10 22 15 11328.9
10 22 30 11306.1
10 22 45 11306.1
10 22 0 12025.3
10 22 15 12011
10 22 30 11763.5
10 22 45 11787.3
10 22 0 12417.1
10 22 15 12678.3
10 22 30 12417.1
10 22 45 12442.2
10 22 0 12743.8
10 22 15 13027.4
10 22 30 12769.6
10 22 45 12769.6
10 22 0 13097
10 22 15 13345.5
10 22 30 13361.4
10 22 45 13070.6
10 22 0 14012.8
10 22 15 14029.5
10 22 30 14012.8
10 22 45 14012.8
10 22 0 13882.8
10 22 15 14146.3
10 22 30 13854.8
10 22 45 14163.1
10 22 0 14079.5
10 22 15 13817.4
10 22 30 14096.3
10 22 45 13789.5
10 22 0 13078.6
10 22 15 12809.2
10 22 30 12835.1
10 22 45 13094.2
10 22 0 13593.4
10 22 15 13895.8
10 22 30 13620.9
10 22 45 13593.4
10 22 0 14163.1
10 22 15 14146.3
10 22 30 14146.3
10 22 45 13882.8
10 22 0 14079.5
10 22 15 13817.4
10 22 30 13789.5
10 22 45 14096.3
10 22 0 13948.3
10 22 15 13920.2
10 22 30 14213
10 22 45 14229.9
10 22 0 14377.6
10 22 15 14680.1
10 22 30 14697.5
10 22 45 14406.7
10 22 0 14430.3
10 22 15 14144.8
10 22 30 14116.2
10 22 45 14413.2
10 22 0 14146.3
10 22 15 14163.1
10 22 30 13882.8
10 22 45 13854.8
10 22 0 13620.9
10 22 15 13895.8
10 22 30 13879.4
10 22 45 13593.4
10 22 0 13751.9
10 22 15 14029.5
10 22 30 13724.1
10 22 45 14012.8
10 22 0 13879.4
10 22 15 13620.9
10 22 30 13593.4
10 22 45 13895.8
10 22 0 13359
10 22 15 13612.4
10 22 30 13332
10 22 45 13628.6
