10 4 0 9923.84
10 4 15 10132.6
10 4 30 10144.6
10 4 45 10144.6
10 4 0 9858.74
10 4 15 9675.16
10 4 30 9870.46
10 4 45 9655.63
10 4 0 9420.58
10 4 15 9226.49
10 4 30 9245.15
10 4 45 9226.49
10 4 0 9322.1
10 4 15 9119.21
10 4 30 9322.1
10 4 45 9137.65
10 4 0 9280.14
10 4 15 9298.91
10 4 30 9475.35
10 4 45 9298.91
10 4 0 9870.46
10 4 15 9655.63
10 4 30 9858.74
10 4 45 9858.74
10 4 0 10212.7
10 4 15 10192.1
10 4 30 10406.5
10 4 45 10212.7
10 4 0 10693
10 4 15 10460.3
10 4 30 10481.4
10 4 45 10680.3
10 4 0 10967.2
10 4 15 10728.5
10 4 30 10967.2
10 4 45 10954.2
10 4 0 11287.7
10 4 15 11501.9
10 4 30 11264.9
10 4 45 11515.5
10 4 0 11372.2
10 4 15 11395.2
10 4 30 11611.4
10 4 45 11625.2
10 4 0 11556.6
10 4 15 11570.4
10 4 30 11341.4
10 4 45 11318.5
10 4 0 10513.9
10 4 15 10747.8
10 4 30 10535.2
10 4 45 10735.1
10 4 0 11392.3
10 4 15 11180.2
10 4 30 11405.9
10 4 45 11180.2
10 4 0 11372.2
10 4 15 11625.2
10 4 30 11395.2
10 4 45 11611.4
10 4 0 11570.4
10 4 15 11318.5
10 4 30 11341.4
10 4 45 11556.6
10 4 0 11425.8
10 4 15 11448.9
10 4 30 11680
10 4 45 11666.2
10 4 0 12049.6
10 4 15 12063.9
10 4 30 11801.3
10 4 45 11801.3
10 4 0 11844.6
10 4 15 11830.5
10 4 30 11610.2
10 4 45 11586.8
10 4 0 11395.2
10 4 15 11611.4
10 4 30 11372.2
10 4 45 11625.2
10 4 0 11405.9
10 4 15 11392.3
10 4 30 11157.6
10 4 45 11180.2
10 4 0 11264.9
10 4 15 11287.7
10 4 30 11515.5
10 4 45 11501.9
10 4 0 11392.3
10 4 15 11180.2
10 4 30 11405.9
10 4 45 11157.6
10 4 0 11173.2
10 4 15 11186.5
10 4 30 10965.2
10 4 45 10965.2
