10 3 0 10577.2
10 3 15 10777.9
10 3 30 10577.2
10 3 45 10777.9
10 3 0 10499.1
10 3 15 10291.4
10 3 30 10270.6
10 3 45 10270.6
10 3 0 9814.13
10 3 15 10032.5
10 3 30 10032.5
10 3 45 9833.98
10 3 0 9700.01
10 3 15 9719.63
10 3 30 9915.83
10 3 45 9915.83
10 3 0 10090.8
10 3 15 10078.8
10 3 30 9871.19
10 3 45 9891.15
10 3 0 10499.1
10 3 15 10270.6
10 3 30 10486.6
10 3 45 10486.6
10 3 0 11082.4
10 3 15 10841.2
10 3 30 10863.1
10 3 45 11069.2
10 3 0 11360.5
10 3 15 11149
10 3 30 11374
10 3 45 11126.5
10 3 0 11665.7
10 3 15 11411.8
10 3 30 11434.9
10 3 45 11651.8
10 3 0 12234.4
10 3 15 12249
10 3 30 12006.6
10 3 45 11982.4
10 3 0 12365.6
10 3 15 12096.5
10 3 30 12121
10 3 45 12350.9
10 3 0 12039.4
10 3 15 12292.7
10 3 30 12307.3
10 3 45 12063.8
10 3 0 11418.8
10 3 15 11206.2
10 3 30 11432.4
10 3 45 11183.5
10 3 0 12117.9
10 3 15 11892.3
10 3 30 12132.3
10 3 45 11868.2
10 3 0 12096.5
10 3 15 12365.6
10 3 30 12121
10 3 45 12350.9
10 3 0 12292.7
10 3 15 12039.4
10 3 30 12063.8
10 3 45 12292.7
10 3 0 12153.5
10 3 15 12178.1
10 3 30 12424
10 3 45 12409.2
10 3 0 12832.2
10 3 15 12578.3
10 3 30 12817
10 3 45 12553
10 3 0 12324.7
10 3 15 12349.6
10 3 30 12584
10 3 45 12349.6
10 3 0 12365.6
10 3 15 12096.5
10 3 30 12350.9
10 3 45 12365.6
10 3 0 12132.3
10 3 15 11868.2
10 3 30 11892.3
10 3 45 12117.9
10 3 0 12249
10 3 15 12006.6
10 3 30 12234.4
10 3 45 12249
10 3 0 12117.9
10 3 15 11868.2
10 3 30 11892.3
10 3 45 12132.3
10 3 0 11663.6
10 3 15 11899
10 3 30 11640
10 3 45 11884.9
