10 7 0 12065.8
10 7 15 11827
10 7 30 12051.5
10 7 45 11803.2
10 7 0 11725.7
10 7 15 11739.7
10 7 30 11484.2
10 7 45 11725.7
10 7 0 11204.6
10 7 15 11217.9
10 7 30 10973.8
10 7 45 10996
10 7 0 11087.5
10 7 15 10846.2
10 7 30 10868.1
10 7 45 10846.2
10 7 0 11269.7
10 7 15 11037.6
10 7 30 11059.9
10 7 45 11283.1
10 7 0 11484.2
10 7 15 11739.7
10 7 30 11725.7
10 7 45 11507.4
10 7 0 12377.2
10 7 15 12122.2
10 7 30 12146.7
10 7 45 12377.2
10 7 0 12441.2
10 7 15 12466.3
10 7 30 12718
10 7 45 12702.9
10 7 0 13028.6
10 7 15 12786
10 7 30 12760.2
10 7 45 13044.1
10 7 0 13398.2
10 7 15 13696.3
10 7 30 13425.3
10 7 45 13680
10 7 0 13553.2
10 7 15 13826.7
10 7 30 13525.8
10 7 45 13810.3
10 7 0 13761.5
10 7 15 13745.2
10 7 30 13489.2
10 7 45 13462
10 7 0 12783.2
10 7 15 12530.3
10 7 30 12505
10 7 45 12768
10 7 0 13549.7
10 7 15 13297.4
10 7 30 13270.6
10 7 45 13565.9
10 7 0 13826.7
10 7 15 13810.3
10 7 30 13553.2
10 7 45 13553.2
10 7 0 13489.2
10 7 15 13761.5
10 7 30 13462
10 7 45 13489.2
10 7 0 13892
10 7 15 13875.5
10 7 30 13617.1
10 7 45 13589.6
10 7 0 14064.6
10 7 15 14036.2
10 7 30 14348.5
10 7 45 14331.5
10 7 0 14087.6
10 7 15 13808.9
10 7 30 14070.9
10 7 45 13781
10 7 0 13810.3
10 7 15 13826.7
10 7 30 13553.2
10 7 45 13525.8
10 7 0 13549.7
10 7 15 13565.9
10 7 30 13270.6
10 7 45 13549.7
10 7 0 13696.3
10 7 15 13425.3
10 7 30 13398.2
10 7 45 13680
10 7 0 13549.7
10 7 15 13270.6
10 7 30 13297.4
10 7 45 13565.9
10 7 0 13305
10 7 15 13289.2
10 7 30 13015.4
10 7 45 13041.7
