10 10 0 15084
10 10 15 15388.5
10 10 30 15370.2
10 10 45 15370.2
10 10 0 14676.3
10 10 15 14646.7
10 10 30 14646.7
10 10 45 14676.3
10 10 0 14290.1
10 10 15 14024
10 10 30 13995.7
10 10 45 14307.1
10 10 0 14140.8
10 10 15 14124
10 10 30 13861
10 10 45 13833
10 10 0 14105.6
10 10 15 14390.3
10 10 30 14373.2
10 10 45 14077.1
10 10 0 14972.6
10 10 15 14646.7
10 10 30 14954.8
10 10 45 14676.3
10 10 0 15460.4
10 10 15 15785.6
10 10 30 15804.4
10 10 45 15460.4
10 10 0 15899.4
10 10 15 16220.3
10 10 30 16201
10 10 45 15867.3
10 10 0 16636.2
10 10 15 16307
10 10 30 16616.5
10 10 45 16274.1
10 10 0 17122.4
10 10 15 17087.8
10 10 30 17468
10 10 45 17447.3
10 10 0 17634.4
10 10 15 17285.5
10 10 30 17250.6
10 10 45 17613.4
10 10 0 17530.4
10 10 15 17203.9
10 10 30 17551.2
10 10 45 17203.9
10 10 0 15948.6
10 10 15 16303.5
10 10 30 15980.9
10 10 45 15948.6
10 10 0 17301.7
10 10 15 17281.1
10 10 30 16959.3
10 10 45 16925.1
10 10 0 17285.5
10 10 15 17250.6
10 10 30 17634.4
10 10 45 17613.4
10 10 0 17530.4
10 10 15 17169.2
10 10 30 17551.2
10 10 45 17203.9
10 10 0 17331.9
10 10 15 17367
10 10 30 17696.5
10 10 45 17717.6
10 10 0 17937.7
10 10 15 18278.1
10 10 30 17901.5
10 10 45 18299.8
10 10 0 17945.8
10 10 15 17967.1
10 10 30 17576
10 10 45 17611.6
10 10 0 17250.6
10 10 15 17634.4
10 10 30 17250.6
10 10 45 17613.4
10 10 0 17301.7
10 10 15 16959.3
10 10 30 17281.1
10 10 45 16925.1
10 10 0 17447.3
10 10 15 17468
10 10 30 17122.4
10 10 45 17087.8
10 10 0 16959.3
10 10 15 16925.1
10 10 30 17281.1
10 10 45 17301.7
10 10 0 16599.6
10 10 15 16968.9
10 10 30 16948.8
10 10 45 16633.2
