10 15 0 12212.4
10 15 15 12459
10 15 30 12212.4
10 15 45 12444.2
10 15 0 11882.4
10 15 15 12122.2
10 15 30 11858.4
10 15 45 12107.8
10 15 0 11331.4
10 15 15 11569.7
10 15 30 11569.7
10 15 45 11583.5
10 15 0 11199.6
10 15 15 11448.8
10 15 30 11222.2
10 15 45 11222.2
10 15 0 11650.8
10 15 15 11397.2
10 15 30 11397.2
10 15 45 11637
10 15 0 11858.4
10 15 15 11882.4
10 15 30 12107.8
10 15 45 12122.2
10 15 0 12517.2
10 15 15 12542.5
10 15 30 12517.2
10 15 45 12542.5
10 15 0 12872.6
10 15 15 13116.8
10 15 30 13132.4
10 15 45 13116.8
10 15 0 13176
10 15 15 13453.2
10 15 30 13469.1
10 15 45 13202.6
10 15 0 13834.8
10 15 15 13862.8
10 15 30 14125.8
10 15 45 14142.6
10 15 0 14277.3
10 15 15 13994.8
10 15 30 14260.3
10 15 45 13966.6
10 15 0 13928.8
10 15 15 13900.7
10 15 30 14193.1
10 15 45 14210
10 15 0 12938.6
10 15 15 13199.8
10 15 30 12912.5
10 15 45 13184.1
10 15 0 13703
10 15 15 13730.7
10 15 30 14007.9
10 15 45 13991.3
10 15 0 13966.6
10 15 15 14260.3
10 15 30 13994.8
10 15 45 13966.6
10 15 0 13928.8
10 15 15 13900.7
10 15 30 14193.1
10 15 45 14193.1
10 15 0 14060.8
10 15 15 14032.4
10 15 30 14327.6
10 15 45 14344.6
10 15 0 14816.1
10 15 15 14522.9
10 15 30 14798.5
10 15 45 14816.1
10 15 0 14230.1
10 15 15 14546.7
10 15 30 14258.9
10 15 45 14529.4
10 15 0 14260.3
10 15 15 13994.8
10 15 30 13966.6
10 15 45 14277.3
10 15 0 13703
10 15 15 13730.7
10 15 30 13991.3
10 15 45 14007.9
10 15 0 14125.8
10 15 15 14142.6
10 15 30 13862.8
10 15 45 13834.8
10 15 0 13703
10 15 15 13991.3
10 15 30 14007.9
10 15 45 13730.7
10 15 0 13722.2
10 15 15 13738.5
10 15 30 13439.5
10 15 45 13466.7
