10 23 0 14609.4
10 23 15 14609.4
10 23 30 14291.5
10 23 45 14320.4
10 23 0 13933.3
10 23 15 14197.7
10 23 30 13905.2
10 23 45 14214.6
10 23 0 13566.7
10 23 15 13582.8
10 23 30 13287.2
10 23 45 13314.1
10 23 0 13408.9
10 23 15 13159.3
10 23 30 13159.3
10 23 45 13424.9
10 23 0 13391.5
10 23 15 13364.4
10 23 30 13364.4
10 23 45 13661.8
10 23 0 14197.7
10 23 15 13933.3
10 23 30 13905.2
10 23 45 14214.6
10 23 0 14707.4
10 23 15 14986.5
10 23 30 14677.7
10 23 45 15004.3
10 23 0 15399.1
10 23 15 15064
10 23 30 15380.9
10 23 45 15380.9
10 23 0 15794
10 23 15 15775.2
10 23 30 15481.5
10 23 45 15775.2
10 23 0 16583.7
10 23 15 16222.7
10 23 30 16222.7
10 23 45 16255.6
10 23 0 16410.4
10 23 15 16377.2
10 23 30 16721.7
10 23 45 16741.6
10 23 0 16642.9
10 23 15 16662.7
10 23 30 16300
10 23 45 16642.9
10 23 0 15459.7
10 23 15 15478.1
10 23 30 15141.2
10 23 45 15171.8
10 23 0 16068.2
10 23 15 16100.7
10 23 30 16406.2
10 23 45 16425.7
10 23 0 16377.2
10 23 15 16721.7
10 23 30 16410.4
10 23 45 16741.6
10 23 0 16642.9
10 23 15 16300
10 23 30 16333
10 23 45 16662.7
10 23 0 16487.8
10 23 15 16820.6
10 23 30 16454.5
10 23 45 16454.5
10 23 0 17029.6
10 23 15 17373.4
10 23 30 17352.8
10 23 45 16995.3
10 23 0 17057.5
10 23 15 17037.3
10 23 30 16686.2
10 23 45 16720
10 23 0 16377.2
10 23 15 16741.6
10 23 30 16410.4
10 23 45 16721.7
10 23 0 16068.2
10 23 15 16100.7
10 23 30 16425.7
10 23 45 16406.2
10 23 0 16583.7
10 23 15 16222.7
10 23 30 16564
10 23 45 16255.6
10 23 0 16100.7
10 23 15 16425.7
10 23 30 16068.2
10 23 45 16406.2
10 23 0 15759.2
10 23 15 15791.1
10 23 30 16109.9
10 23 45 16090.7
