10 12 0 14517.9
10 12 15 14535.2
10 12 30 14517.9
10 12 45 14247.6
10 12 0 13862.5
10 12 15 14125.6
10 12 30 13834.5
10 12 45 14142.4
10 12 0 13219.7
10 12 15 13513.8
10 12 30 13246.4
10 12 45 13497.8
10 12 0 13092.4
10 12 15 13066
10 12 30 13356.7
10 12 45 13066
10 12 0 13323.4
10 12 15 13592.4
10 12 30 13576.2
10 12 45 13323.4
10 12 0 14125.6
10 12 15 13834.5
10 12 30 13862.5
10 12 45 14142.4
10 12 0 14928
10 12 15 14632.7
10 12 30 14603.1
10 12 45 14910.3
10 12 0 15320.9
10 12 15 14987.4
10 12 30 15017.7
10 12 45 15320.9
10 12 0 15371.7
10 12 15 15695.1
10 12 30 15402.8
10 12 45 15695.1
10 12 0 16479.8
10 12 15 16499.4
10 12 30 16173
10 12 45 16140.3
10 12 0 16636.8
10 12 15 16656.6
10 12 30 16294
10 12 45 16327
10 12 0 16578
10 12 15 16217.2
10 12 30 16558.3
10 12 45 16250
10 12 0 15064.3
10 12 15 15399.5
10 12 30 15094.8
10 12 45 15381.2
10 12 0 15986.6
10 12 15 16018.9
10 12 30 16342.3
10 12 45 16322.9
10 12 0 16294
10 12 15 16656.6
10 12 30 16327
10 12 45 16636.8
10 12 0 16578
10 12 15 16217.2
10 12 30 16558.3
10 12 45 16250
10 12 0 16735.1
10 12 15 16404
10 12 30 16370.9
10 12 45 16715.3
10 12 0 17285.1
10 12 15 16908.9
10 12 30 17264.6
10 12 45 16943.1
10 12 0 16635
10 12 15 16970.8
10 12 30 16950.7
10 12 45 16601.5
10 12 0 16656.6
10 12 15 16636.8
10 12 30 16294
10 12 45 16327
10 12 0 16342.3
10 12 15 15986.6
10 12 30 16018.9
10 12 45 16322.9
10 12 0 16140.3
10 12 15 16479.8
10 12 30 16173
10 12 45 16499.4
10 12 0 15986.6
10 12 15 16018.9
10 12 30 16322.9
10 12 45 16342.3
10 12 0 16009
10 12 15 16028
10 12 30 15679.2
10 12 45 15710.9
