10 21 0 12747
10 21 15 12747
10 21 30 12494.8
10 21 45 12731.9
10 21 0 12402.5
10 21 15 12387.8
10 21 30 12157.1
10 21 45 12132.6
10 21 0 11837.2
10 21 15 11616.8
10 21 30 11593.4
10 21 45 11593.4
10 21 0 11713.5
10 21 15 11481.7
10 21 30 11458.5
10 21 45 11699.6
10 21 0 11684.3
10 21 15 11920.2
10 21 30 11906
10 21 45 11660.8
10 21 0 12132.6
10 21 15 12402.5
10 21 30 12157.1
10 21 45 12387.8
10 21 0 13091.5
10 21 15 13076
10 21 30 12806.6
10 21 45 12832.5
10 21 0 13436.1
10 21 15 13170.2
10 21 30 13143.6
10 21 45 13420.1
10 21 0 13507.9
10 21 15 13780.6
10 21 30 13764.2
10 21 45 13480.6
10 21 0 14452.4
10 21 15 14469.6
10 21 30 14183.3
10 21 45 14154.7
10 21 0 14318.4
10 21 15 14607.4
10 21 30 14590.1
10 21 45 14289.5
10 21 0 14250.8
10 21 15 14521.2
10 21 30 14521.2
10 21 45 14538.5
10 21 0 13237.7
10 21 15 13505
10 21 30 13488.9
10 21 45 13237.7
10 21 0 14048.2
10 21 15 14331.8
10 21 30 14314.8
10 21 45 14019.9
10 21 0 14289.5
10 21 15 14289.5
10 21 30 14590.1
10 21 45 14607.4
10 21 0 14521.2
10 21 15 14250.8
10 21 30 14538.5
10 21 45 14222.1
10 21 0 14676.3
10 21 15 14658.9
10 21 30 14356.9
10 21 45 14676.3
10 21 0 14858.7
10 21 15 15158.6
10 21 30 14828.7
10 21 45 15140.6
10 21 0 14883
10 21 15 14588.5
10 21 30 14865.4
10 21 45 14588.5
10 21 0 14289.5
10 21 15 14318.4
10 21 30 14607.4
10 21 45 14590.1
10 21 0 14019.9
10 21 15 14048.2
10 21 30 14331.8
10 21 45 14314.8
10 21 0 14154.7
10 21 15 14452.4
10 21 30 14183.3
10 21 45 14469.6
10 21 0 14314.8
10 21 15 14048.2
10 21 30 14019.9
10 21 45 14331.8
10 21 0 13778.1
10 21 15 13750.3
10 21 30 14039.5
10 21 45 14056.2
