10 18 0 14535.7
10 18 15 14565.1
10 18 30 14841.5
10 18 45 14859.1
10 18 0 14440.3
10 18 15 14457.5
10 18 30 14142.8
10 18 45 14142.8
10 18 0 13798.5
10 18 15 13814.9
10 18 30 13514.3
10 18 45 13798.5
10 18 0 13638.1
10 18 15 13357.1
10 18 30 13384.1
10 18 45 13654.3
10 18 0 13592.8
10 18 15 13620.3
10 18 30 13895.3
10 18 45 13620.3
10 18 0 14142.8
10 18 15 14440.3
10 18 30 14171.4
10 18 45 14457.5
10 18 0 15242.6
10 18 15 14958.7
10 18 30 15260.7
10 18 45 14928.5
10 18 0 15321.4
10 18 15 15352.4
10 18 30 15662.3
10 18 45 15643.7
10 18 0 16044.8
10 18 15 15746
10 18 30 16063.9
10 18 45 15746
10 18 0 16500
10 18 15 16847.1
10 18 30 16867.1
10 18 45 16533.3
10 18 0 16657.1
10 18 15 17027.7
10 18 30 16690.8
10 18 45 17027.7
10 18 0 16947.4
10 18 15 16612.1
10 18 30 16927.3
10 18 45 16578.5
10 18 0 15742.6
10 18 15 15400
10 18 30 15723.9
10 18 45 15400
10 18 0 16375.9
10 18 15 16686.6
10 18 30 16342.8
10 18 45 16686.6
10 18 0 17027.7
10 18 15 17007.5
10 18 30 16690.8
10 18 45 16657.1
10 18 0 16578.5
10 18 15 16947.4
10 18 30 16927.3
10 18 45 16612.1
10 18 0 17108
10 18 15 16735.7
10 18 30 16769.5
10 18 45 17087.7
10 18 0 17320.6
10 18 15 17670.3
10 18 30 17285.7
10 18 45 17649.3
10 18 0 17349
10 18 15 17328.4
10 18 30 16971.4
10 18 45 17005.7
10 18 0 17007.5
10 18 15 16690.8
10 18 30 16657.1
10 18 45 17007.5
10 18 0 16342.8
10 18 15 16375.9
10 18 30 16686.6
10 18 45 16706.4
10 18 0 16533.3
10 18 15 16847.1
10 18 30 16867.1
10 18 45 16500
10 18 0 16686.6
10 18 15 16375.9
10 18 30 16342.8
10 18 45 16375.9
10 18 0 16061
10 18 15 16385.2
10 18 30 16028.5
10 18 45 16365.7
