10 17 0 14430.7
10 17 15 14722
10 17 30 14401.6
10 17 45 14722
10 17 0 14307.1
10 17 15 14012.3
10 17 30 14040.7
10 17 45 14307.1
10 17 0 13671.2
10 17 15 13416.6
10 17 30 13416.6
10 17 45 13389.6
10 17 0 13512.2
10 17 15 13528.3
10 17 30 13260.6
10 17 45 13233.9
10 17 0 13767
10 17 15 13750.7
10 17 30 13467.4
10 17 45 13494.6
10 17 0 14307.1
10 17 15 14040.7
10 17 30 14324.1
10 17 45 14012.3
10 17 0 14820.7
10 17 15 14790.8
10 17 30 15119.9
10 17 45 15101.9
10 17 0 15180
10 17 15 15517.8
10 17 30 15210.7
10 17 45 15517.8
10 17 0 15915.7
10 17 15 15896.8
10 17 30 15600.7
10 17 45 15569.3
10 17 0 16691.6
10 17 15 16380.8
10 17 30 16347.7
10 17 45 16711.4
10 17 0 16870.6
10 17 15 16503.4
10 17 30 16850.6
10 17 45 16536.8
10 17 0 16791
10 17 15 16458.8
10 17 30 16425.6
10 17 45 16771.1
10 17 0 15597.3
10 17 15 15257.9
10 17 30 15578.8
10 17 45 15288.7
10 17 0 16192
10 17 15 16224.8
10 17 30 16532.6
10 17 45 16552.3
10 17 0 16870.6
10 17 15 16536.8
10 17 30 16850.6
10 17 45 16503.4
10 17 0 16425.6
10 17 15 16771.1
10 17 30 16458.8
10 17 45 16791
10 17 0 16614.8
10 17 15 16950.2
10 17 30 16581.3
10 17 45 16930
10 17 0 17160.8
10 17 15 17486.4
10 17 30 17486.4
10 17 45 17486.4
10 17 0 17168.5
10 17 15 16848.8
10 17 30 17188.9
10 17 45 16814.8
10 17 0 16503.4
10 17 15 16870.6
10 17 30 16850.6
10 17 45 16536.8
10 17 0 16532.6
10 17 15 16224.8
10 17 30 16552.3
10 17 45 16192
10 17 0 16691.6
10 17 15 16711.4
10 17 30 16380.8
10 17 45 16347.7
10 17 0 16552.3
10 17 15 16224.8
10 17 30 16532.6
10 17 45 16192
10 17 0 15880.6
10 17 15 16214.7
10 17 30 16234
10 17 45 15912.8
