9 27 0 14172.6
9 27 15 14189.5
9 27 30 14189.5
9 27 45 14172.6
9 27 0 13283.6
9 27 15 13256.8
9 27 30 13283.6
9 27 45 13551.8
9 27 0 13153.2
9 27 15 12866.9
9 27 30 13137.6
9 27 45 12892.9
9 27 0 13073.5
9 27 15 13057.9
9 27 30 12814.8
9 27 45 12814.8
9 27 0 12892.9
9 27 15 12866.9
9 27 30 13137.6
9 27 45 13153.2
9 27 0 13392.3
9 27 15 13100.8
9 27 30 13127.3
9 27 45 13100.8
9 27 0 13870.6
9 27 15 13596.2
9 27 30 13568.7
9 27 45 13568.7
9 27 0 14730
9 27 15 14426.5
9 27 30 14747.5
9 27 45 14730
9 27 0 15943.2
9 27 15 15627.8
9 27 30 15924.3
9 27 45 15596.2
9 27 0 16565.4
9 27 15 16879.8
9 27 30 16532
9 27 45 16899.8
9 27 0 17457.8
9 27 15 17437.1
9 27 30 17077.9
9 27 45 17437.1
9 27 0 17596.4
9 27 15 17268.7
9 27 30 17617.3
9 27 45 17233.8
9 27 0 16740.4
9 27 15 16409.2
9 27 30 16720.5
9 27 45 16409.2
9 27 0 17155.9
9 27 15 17516.7
9 27 30 17190.6
9 27 45 17537.6
9 27 0 17545.8
9 27 15 17581.3
9 27 30 17914.8
9 27 45 17936.1
9 27 0 17467.8
9 27 15 17856.4
9 27 30 17835.2
9 27 45 17503.1
9 27 0 17436.6
9 27 15 17803.4
9 27 30 17471.9
9 27 45 17824.5
9 27 0 17378.1
9 27 15 17357.5
9 27 30 17034.3
9 27 45 16999.9
9 27 0 17031.1
9 27 15 17065.5
9 27 30 17389.3
9 27 45 17410
9 27 0 17202.6
9 27 15 17564.5
9 27 30 17585.4
9 27 45 17237.4
9 27 0 17198.3
9 27 15 16843.9
9 27 30 17218.7
9 27 45 16878
9 27 0 16720.5
9 27 15 16376
9 27 30 16740.4
9 27 45 16409.2
9 27 0 16083.6
9 27 15 16102.7
9 27 30 16083.6
9 27 45 15752.2
9 27 0 15002.7
9 27 15 15287.3
9 27 30 15305.5
9 27 45 15002.7
