9 1 0 14251.9
9 1 15 14268.9
9 1 30 13958.3
9 1 45 13986.5
9 1 0 13357.9
9 1 15 13331
9 1 30 13611.4
9 1 45 13611.4
9 1 0 13226.8
9 1 15 13211.1
9 1 30 12965.1
9 1 45 12938.9
9 1 0 13146.6
9 1 15 12860.5
9 1 30 13131
9 1 45 12886.5
9 1 0 13226.8
9 1 15 13211.1
9 1 30 12965.1
9 1 45 12938.9
9 1 0 13174.1
9 1 15 13467.2
9 1 30 13467.2
9 1 45 13174.1
9 1 0 13672.2
9 1 15 13644.6
9 1 30 13931.7
9 1 45 13948.2
9 1 0 14812.4
9 1 15 14507.2
9 1 30 14536.6
9 1 45 14536.6
9 1 0 16032.4
9 1 15 16013.4
9 1 30 15715.2
9 1 45 15683.5
9 1 0 16994.4
9 1 15 16624.5
9 1 30 16658.1
9 1 45 16658.1
9 1 0 17208.2
9 1 15 17555.5
9 1 30 17534.7
9 1 45 17173.4
9 1 0 17365.3
9 1 15 17694.8
9 1 30 17715.8
9 1 45 17330.3
9 1 0 16834.1
9 1 15 16467.7
9 1 30 16501
9 1 45 16814.1
9 1 0 17286.7
9 1 15 17635.7
9 1 30 17614.7
9 1 45 17251.8
9 1 0 17679.6
9 1 15 17643.9
9 1 30 18015.1
9 1 45 18036.5
9 1 0 17956.3
9 1 15 17935
9 1 30 17565.5
9 1 45 17935
9 1 0 17569.6
9 1 15 17924.3
9 1 30 17903
9 1 45 17569.6
9 1 0 17475.4
9 1 15 17454.6
9 1 30 17095
9 1 45 17129.6
9 1 0 17486.6
9 1 15 17126.4
9 1 30 17161
9 1 45 17507.4
9 1 0 17298.9
9 1 15 17662.8
9 1 30 17683.8
9 1 45 17333.9
9 1 0 16972.4
9 1 15 17294.5
9 1 30 17315
9 1 45 16938.2
9 1 0 16814.1
9 1 15 16501
9 1 30 16467.7
9 1 45 16814.1
9 1 0 15840.3
9 1 15 16192.8
9 1 30 16173.5
9 1 45 15872.4
9 1 0 15056.2
9 1 15 15372.9
9 1 30 15056.2
9 1 45 15391.1
