9 25 0 14325.7
9 25 15 14354.7
9 25 30 14644.4
9 25 45 14644.4
9 25 0 13681.9
9 25 15 13969.7
9 25 30 13709.5
9 25 45 13986.3
9 25 0 13574.9
9 25 15 13279.4
9 25 30 13279.4
9 25 45 13306.3
9 25 0 13476.6
9 25 15 13199
9 25 30 13492.6
9 25 45 13476.6
9 25 0 13306.3
9 25 15 13558.8
9 25 30 13558.8
9 25 45 13279.4
9 25 0 13805.3
9 25 15 13520.9
9 25 30 13548.2
9 25 45 13805.3
9 25 0 14032.1
9 25 15 14315.4
9 25 30 14315.4
9 25 45 14298.4
9 25 0 15202.3
9 25 15 14889.1
9 25 30 15220.3
9 25 45 14919.2
9 25 0 16434.9
9 25 15 16128.9
9 25 30 16454.4
9 25 45 16096.3
9 25 0 17062.1
9 25 15 17096.6
9 25 30 17421
9 25 45 17096.6
9 25 0 17996.2
9 25 15 17661.1
9 25 30 17625.5
9 25 45 18017.6
9 25 0 17786.4
9 25 15 17822.4
9 25 30 18160.6
9 25 45 18182.1
9 25 0 16901.1
9 25 15 17277.2
9 25 30 17256.6
9 25 45 17277.2
9 25 0 18099.9
9 25 15 17705.9
9 25 30 18078.4
9 25 45 17741.7
9 25 0 18145
9 25 15 18108.3
9 25 30 18511.2
9 25 45 18489.3
9 25 0 18027.9
9 25 15 18064.3
9 25 30 18429
9 25 45 18407.1
9 25 0 18396.1
9 25 15 18032.1
9 25 30 17995.7
9 25 45 18374.2
9 25 0 17935.3
9 25 15 17914
9 25 30 17545
9 25 45 17580.5
9 25 0 17968.2
9 25 15 17612.7
9 25 30 17577.2
9 25 45 17946.9
9 25 0 17790.1
9 25 15 18127.7
9 25 30 17790.1
9 25 45 17790.1
9 25 0 17419.2
9 25 15 17749.7
9 25 30 17770.8
9 25 45 17384
9 25 0 16901.1
9 25 15 16935.3
9 25 30 17256.6
9 25 45 17277.2
9 25 0 16257.3
9 25 15 16290.1
9 25 30 16619
9 25 45 16599.2
9 25 0 15777.5
9 25 15 15796.3
9 25 30 15452.4
9 25 45 15483.7
