9 9 0 12558.4
9 9 15 12533
9 9 30 12811.9
9 9 45 12796.7
9 9 0 11994
9 9 15 12236.1
9 9 30 12221.5
9 9 45 12221.5
9 9 0 11617.7
9 9 15 11641.2
9 9 30 11862.1
9 9 45 11876.2
9 9 0 11570.6
9 9 15 11790.2
9 9 30 11804.2
9 9 45 11804.2
9 9 0 11862.1
9 9 15 11641.2
9 9 30 11617.7
9 9 45 11617.7
9 9 0 11828.9
9 9 15 12077.8
9 9 30 12092.1
9 9 45 11852.8
9 9 0 12276.2
9 9 15 12251.4
9 9 30 12524
9 9 45 12251.4
9 9 0 13299.9
9 9 15 13025.9
9 9 30 13315.7
9 9 45 13052.2
9 9 0 14082.1
9 9 15 14110.5
9 9 30 14395.4
9 9 45 14378.3
9 9 0 15241
9 9 15 15259.1
9 9 30 14927
9 9 45 14957.2
9 9 0 15762.9
9 9 15 15744.2
9 9 30 15419.8
9 9 45 15451
9 9 0 15906.9
9 9 15 15560.7
9 9 30 15888
9 9 45 15592.1
9 9 0 15115.1
9 9 15 14786.2
9 9 30 15097.2
9 9 45 14816.1
9 9 0 15521.6
9 9 15 15834.9
9 9 30 15490.3
9 9 45 15816.1
9 9 0 16175.6
9 9 15 16194.8
9 9 30 15842.3
9 9 45 16175.6
9 9 0 15771.9
9 9 15 16122.8
9 9 30 15803.8
9 9 45 16103.7
9 9 0 16094
9 9 15 15743.7
9 9 30 16074.9
9 9 45 15775.6
9 9 0 15690.9
9 9 15 15672.3
9 9 30 15380.5
9 9 45 15349.4
9 9 0 15408.7
9 9 15 15377.6
9 9 30 15701.1
9 9 45 15719.7
9 9 0 15532.5
9 9 15 15859.2
9 9 30 15878.1
9 9 45 15563.9
9 9 0 15239.4
9 9 15 15208.6
9 9 30 15528.5
9 9 45 15547
9 9 0 15097.2
9 9 15 15115.1
9 9 30 14816.1
9 9 45 14786.2
9 9 0 14251.6
9 9 15 14522.1
9 9 30 14222.9
9 9 45 14539.3
9 9 0 13803.1
9 9 15 13518.8
9 9 30 13546.1
9 9 45 13819.5
