9 4 0 14243.8
9 4 15 14243.8
9 4 30 14514.1
9 4 45 14531.3
9 4 0 13576.2
9 4 15 13603.6
9 4 30 13576.2
9 4 45 13878.2
9 4 0 13454.1
9 4 15 13176.9
9 4 30 13203.5
9 4 45 13176.9
9 4 0 13123.5
9 4 15 13097
9 4 30 13372.5
9 4 45 13388.4
9 4 0 13176.9
9 4 15 13470.1
9 4 30 13203.5
9 4 45 13470.1
9 4 0 13715
9 4 15 13443.6
9 4 30 13416.5
9 4 45 13715
9 4 0 13923.7
9 4 15 14204.8
9 4 30 14187.9
9 4 45 14187.9
9 4 0 14774.1
9 4 15 15102.8
9 4 30 15084.9
9 4 45 15084.9
9 4 0 16004.3
9 4 15 16308
9 4 30 15972
9 4 45 16327.3
9 4 0 16964.5
9 4 15 17307
9 4 30 16930.3
9 4 45 17286.4
9 4 0 17524.7
9 4 15 17857.2
9 4 30 17878.4
9 4 45 17524.7
9 4 0 18020.3
9 4 15 17684.7
9 4 30 18041.7
9 4 45 17649
9 4 0 17123.4
9 4 15 16770.6
9 4 30 17143.7
9 4 45 16770.6
9 4 0 17960.1
9 4 15 17569.2
9 4 30 17938.8
9 4 45 17604.7
9 4 0 18346.5
9 4 15 18368.3
9 4 30 18004.8
9 4 45 17968.5
9 4 0 18286.6
9 4 15 18264.9
9 4 30 17888.6
9 4 45 17924.8
9 4 0 17892.8
9 4 15 18254
9 4 30 17856.7
9 4 45 18232.3
9 4 0 17775.7
9 4 15 17796.8
9 4 30 17444.7
9 4 45 17409.5
9 4 0 17476.7
9 4 15 17808.3
9 4 30 17441.4
9 4 45 17829.5
9 4 0 17987.7
9 4 15 17617.1
9 4 30 17652.7
9 4 45 17617.1
9 4 0 17633.5
9 4 15 17612.6
9 4 30 17284.6
9 4 45 17249.7
9 4 0 17143.7
9 4 15 17123.4
9 4 30 16804.5
9 4 45 17123.4
9 4 0 16164.3
9 4 15 16131.7
9 4 30 16471
9 4 45 16490.6
9 4 0 15333.1
9 4 15 15674.2
9 4 30 15364.1
9 4 45 15655.6
