9 17 0 11586.4
9 17 15 11844.2
9 17 30 11844.2
9 17 45 11830.2
9 17 0 11065.7
9 17 15 11311.9
9 17 30 11298.5
9 17 45 11088.1
9 17 0 10761.9
9 17 15 10979.2
9 17 30 10740.2
9 17 45 10740.2
9 17 0 10899.7
9 17 15 10912.6
9 17 30 10675.1
9 17 45 10696.7
9 17 0 10966.2
9 17 15 10979.2
9 17 30 10761.9
9 17 45 10761.9
9 17 0 10957.6
9 17 15 11178.8
9 17 30 11165.5
9 17 45 10935.5
9 17 0 11564.3
9 17 15 11349
9 17 30 11564.3
9 17 45 11326.1
9 17 0 12042.1
9 17 15 12310
9 17 30 12066.4
9 17 45 12295.4
9 17 0 13018.5
9 17 15 13044.8
9 17 30 13292.3
9 17 45 13308.1
9 17 0 13799.6
9 17 15 14106.6
9 17 30 14089.8
9 17 45 13827.5
9 17 0 14555.1
9 17 15 14255.2
9 17 30 14572.4
9 17 45 14284
9 17 0 14688
9 17 15 14705.5
9 17 30 14414.5
9 17 45 14688
9 17 0 13973.5
9 17 15 13669.4
9 17 30 13956.9
9 17 45 13669.4
9 17 0 14621.5
9 17 15 14638.9
9 17 30 14349.3
9 17 45 14320.3
9 17 0 14645.8
9 17 15 14971.6
9 17 30 14675.4
9 17 45 14675.4
9 17 0 14887.4
9 17 15 14610.2
9 17 30 14580.7
9 17 45 14905.1
9 17 0 14584.1
9 17 15 14860.8
9 17 30 14554.6
9 17 45 14878.5
9 17 0 14190.1
9 17 15 14488.6
9 17 30 14218.8
9 17 45 14190.1
9 17 0 14216.2
9 17 15 14244.9
9 17 30 14515.2
9 17 45 14532.4
9 17 0 14388.4
9 17 15 14359.4
9 17 30 14661.4
9 17 45 14678.8
9 17 0 14088.4
9 17 15 14059.9
9 17 30 14355.7
9 17 45 14355.7
9 17 0 13956.9
9 17 15 13697
9 17 30 13973.5
9 17 45 13669.4
9 17 0 13175.2
9 17 15 13425.2
9 17 30 13148.6
9 17 45 13441.2
9 17 0 12775.8
9 17 15 12523
9 17 30 12760.6
9 17 45 12497.7
