9 14 0 14285.7
9 14 15 13991.4
9 14 30 14285.7
9 14 45 14302.7
9 14 0 13389.6
9 14 15 13362.5
9 14 30 13362.5
9 14 45 13659.8
9 14 0 12969.5
9 14 15 12995.8
9 14 30 13258.1
9 14 45 13258.1
9 14 0 12890.9
9 14 15 13162.1
9 14 30 12917
9 14 45 13177.7
9 14 0 12969.5
9 14 15 12995.8
9 14 30 13242.3
9 14 45 13258.1
9 14 0 13483.1
9 14 15 13205.3
9 14 30 13499.1
9 14 45 13232
9 14 0 13704.6
9 14 15 13677
9 14 30 13964.7
9 14 45 13981.3
9 14 0 14847.5
9 14 15 14865.1
9 14 30 14571
9 14 45 14541.6
9 14 0 16070.4
9 14 15 15752.4
9 14 30 16051.3
9 14 45 15720.6
9 14 0 17034.6
9 14 15 16663.9
9 14 30 17014.4
9 14 45 16697.6
9 14 0 17597.1
9 14 15 17576.2
9 14 30 17214.1
9 14 45 17248.9
9 14 0 17736.7
9 14 15 17406.4
9 14 30 17757.8
9 14 45 17371.3
9 14 0 16853.9
9 14 15 16540.1
9 14 30 16506.7
9 14 45 16873.9
9 14 0 17677.4
9 14 15 17292.7
9 14 30 17656.5
9 14 45 17327.7
9 14 0 18079.2
9 14 15 17685.7
9 14 30 18057.7
9 14 45 17721.5
9 14 0 17642.7
9 14 15 17998.9
9 14 30 17607.1
9 14 45 17977.5
9 14 0 17945.4
9 14 15 17966.7
9 14 30 17611.2
9 14 45 17945.4
9 14 0 17170.2
9 14 15 17496
9 14 30 17516.7
9 14 45 17135.5
9 14 0 17166.9
9 14 15 17548.9
9 14 30 17528.1
9 14 45 17201.7
9 14 0 17704.6
9 14 15 17339.9
9 14 30 17725.7
9 14 45 17374.9
9 14 0 17335.4
9 14 15 17356
9 14 30 17012.6
9 14 45 16978.3
9 14 0 16873.9
9 14 15 16853.9
9 14 30 16506.7
9 14 45 16540.1
9 14 0 16211.8
9 14 15 16231.1
9 14 30 15877.8
9 14 45 15910
9 14 0 15122.3
9 14 15 15409.3
9 14 30 15427.6
9 14 45 15427.6
