9 6 0 14057
9 6 15 14352.7
9 6 30 14057
9 6 45 14085.5
9 6 0 13707.7
9 6 15 13425.3
9 6 30 13452.4
9 6 45 13724
9 6 0 13030.4
9 6 15 13304.5
9 6 30 13056.8
9 6 45 13056.8
9 6 0 12977.6
9 6 15 13223.9
9 6 30 13239.6
9 6 45 12951.4
9 6 0 13320.3
9 6 15 13056.8
9 6 30 13304.5
9 6 45 13320.3
9 6 0 13546.4
9 6 15 13562.5
9 6 30 13562.5
9 6 45 13267.3
9 6 0 13768.9
9 6 15 13741.2
9 6 30 14030.2
9 6 45 14030.2
9 6 0 14639.4
9 6 15 14609.8
9 6 30 14934.9
9 6 45 14917.2
9 6 0 16145.8
9 6 15 15826.4
9 6 30 16126.7
9 6 45 15794.4
9 6 0 16742.1
9 6 15 17094.3
9 6 30 16776
9 6 45 17114.6
9 6 0 17658.7
9 6 15 17294.9
9 6 30 17679.7
9 6 45 17329.9
9 6 0 17841.2
9 6 15 17488.1
9 6 30 17452.8
9 6 45 17820
9 6 0 16617.7
9 6 15 16584.2
9 6 30 16933
9 6 45 16953.1
9 6 0 17373.9
9 6 15 17409
9 6 30 17739.3
9 6 45 17760.4
9 6 0 17768.7
9 6 15 18142.5
9 6 30 18164.1
9 6 45 17804.7
9 6 0 18061.9
9 6 15 18083.3
9 6 30 17689.8
9 6 45 17725.5
9 6 0 17693.9
9 6 15 18051.1
9 6 30 18029.6
9 6 45 17658.2
9 6 0 17215.9
9 6 15 17250.8
9 6 30 17599
9 6 45 17578.1
9 6 0 17610.3
9 6 15 17247.5
9 6 30 17282.4
9 6 45 17631.3
9 6 0 17421.3
9 6 15 17456.5
9 6 30 17787.7
9 6 45 17808.9
9 6 0 17092.5
9 6 15 17416.8
9 6 30 17437.5
9 6 45 17437.5
9 6 0 16933
9 6 15 16953.1
9 6 30 16617.7
9 6 45 16584.2
9 6 0 16287.9
9 6 15 16307.3
9 6 30 15984.6
9 6 45 15952.4
9 6 0 15193.3
9 6 15 15500
9 6 30 15481.6
9 6 45 15193.3
