9 18 0 14059.1
9 18 15 14059.1
9 18 30 14342.9
9 18 45 14342.9
9 18 0 13682
9 18 15 13400.1
9 18 30 13698.3
9 18 45 13427.2
9 18 0 13006
9 18 15 13295.4
9 18 30 13032.3
9 18 45 13279.6
9 18 0 12927.2
9 18 15 12953.3
9 18 30 13199.1
9 18 45 12927.2
9 18 0 13295.4
9 18 15 13279.6
9 18 30 13279.6
9 18 45 13032.3
9 18 0 13521
9 18 15 13242.5
9 18 30 13269.3
9 18 45 13521
9 18 0 13743.2
9 18 15 14020.6
9 18 30 13715.4
9 18 45 14003.9
9 18 0 14612
9 18 15 14889.2
9 18 30 14906.9
9 18 45 14582.5
9 18 0 16096.5
9 18 15 16115.6
9 18 30 16115.6
9 18 45 15764.9
9 18 0 17062.3
9 18 15 16744.6
9 18 30 16710.8
9 18 45 16744.6
9 18 0 17646.6
9 18 15 17297.4
9 18 30 17625.6
9 18 45 17262.5
9 18 0 17807.8
9 18 15 17786.6
9 18 30 17420.2
9 18 45 17455.4
9 18 0 16586.6
9 18 15 16553.1
9 18 30 16921.4
9 18 45 16901.3
9 18 0 17727.2
9 18 15 17341.3
9 18 30 17706.1
9 18 45 17341.3
9 18 0 17735.5
9 18 15 18130.1
9 18 30 17771.3
9 18 45 18108.5
9 18 0 18028.1
9 18 15 17656.6
9 18 30 18049.5
9 18 45 17692.4
9 18 0 17625.1
9 18 15 17660.8
9 18 30 17995.9
9 18 45 17625.1
9 18 0 17218.5
9 18 15 17545.2
9 18 30 17566
9 18 45 17183.7
9 18 0 17215.2
9 18 15 17598.3
9 18 30 17577.4
9 18 45 17250
9 18 0 17388.6
9 18 15 17423.8
9 18 30 17754.4
9 18 45 17775.5
9 18 0 17026
9 18 15 17060.5
9 18 30 17384.2
9 18 45 17404.9
9 18 0 16901.3
9 18 15 16586.6
9 18 30 16921.4
9 18 45 16553.1
9 18 0 16257.4
9 18 15 15922.5
9 18 30 15954.7
9 18 45 16276.8
9 18 0 15471
9 18 15 15134.3
9 18 30 15164.9
9 18 45 15452.6
