9 7 0 14406.2
9 7 15 14109.4
9 7 30 14138
9 7 45 14423.4
9 7 0 13502.6
9 7 15 13502.6
9 7 30 13475.3
9 7 45 13475.3
9 7 0 13105.4
9 7 15 13370
9 7 30 13079
9 7 45 13354.1
9 7 0 13026
9 7 15 13273.2
9 7 30 13288.9
9 7 45 12999.7
9 7 0 13354.1
9 7 15 13079
9 7 30 13370
9 7 45 13105.4
9 7 0 13596.9
9 7 15 13343.7
9 7 30 13613.1
9 7 45 13316.8
9 7 0 14082.5
9 7 15 13820.3
9 7 30 13792.4
9 7 45 14099.2
9 7 0 14990.6
9 7 15 14664.3
9 7 30 14972.8
9 7 45 14990.6
9 7 0 16206
9 7 15 15853.3
9 7 30 15885.4
9 7 45 16206
9 7 0 17178.4
9 7 15 16804.5
9 7 30 16838.5
9 7 45 17158
9 7 0 17359.4
9 7 15 17394.5
9 7 30 17745.6
9 7 45 17724.5
9 7 0 17907.7
9 7 15 17886.4
9 7 30 17553.3
9 7 45 17517.9
9 7 0 16646
9 7 15 16996.1
9 7 30 17016.3
9 7 45 16679.6
9 7 0 17805.5
9 7 15 17826.6
9 7 30 17473.9
9 7 45 17805.5
9 7 0 17871
9 7 15 17835
9 7 30 18231.8
9 7 45 18210.1
9 7 0 17791.6
9 7 15 17755.7
9 7 30 18129.2
9 7 45 18150.7
9 7 0 18096.8
9 7 15 18118.3
9 7 30 17724
9 7 45 17759.8
9 7 0 17643.6
9 7 15 17280.1
9 7 30 17315.1
9 7 45 17664.6
9 7 0 17697
9 7 15 17311.8
9 7 30 17676
9 7 45 17346.8
9 7 0 17521.6
9 7 15 17875.2
9 7 30 17486.2
9 7 45 17854
9 7 0 17481.7
9 7 15 17121.6
9 7 30 17156.2
9 7 45 17481.7
9 7 0 17016.3
9 7 15 16996.1
9 7 30 16646
9 7 45 16679.6
9 7 0 16011.8
9 7 15 16368.1
9 7 30 16348.7
9 7 45 16044.2
9 7 0 15250
9 7 15 15219.2
9 7 30 15250
9 7 45 15557.8
