9 24 0 11831.1
9 24 15 11807.2
9 24 30 11831.1
9 24 45 12069.9
9 24 0 11527.5
9 24 15 11276.6
9 24 30 11299.4
9 24 45 11513.8
9 24 0 11175.1
9 24 15 10967
9 24 30 11188.4
9 24 45 10944.9
9 24 0 11120.6
9 24 15 10878.6
9 24 30 11107.4
9 24 45 10900.6
9 24 0 11188.4
9 24 15 10967
9 24 30 11175.1
9 24 45 10944.9
9 24 0 11166.4
9 24 15 11143.9
9 24 30 11391.8
9 24 45 11378.3
9 24 0 11541.9
9 24 15 11798.7
9 24 30 11565.2
9 24 45 11784.7
9 24 0 12544.6
9 24 15 12529.7
9 24 30 12296.4
9 24 45 12529.7
9 24 0 13561.7
9 24 15 13293.4
9 24 30 13266.5
9 24 45 13545.6
9 24 0 14358.4
9 24 15 14375.4
9 24 30 14062.5
9 24 45 14091
9 24 0 14526.9
9 24 15 14832.5
9 24 30 14556.3
9 24 45 14850.1
9 24 0 14659.5
9 24 15 14689.2
9 24 30 14967.9
9 24 45 14985.7
9 24 0 13958.1
9 24 15 13929.9
9 24 30 14239.8
9 24 45 14222.9
9 24 0 14593.2
9 24 15 14622.7
9 24 30 14900.2
9 24 45 14917.9
9 24 0 14955.1
9 24 15 14924.9
9 24 30 15256.9
9 24 45 15238.8
9 24 0 15189.1
9 24 15 15171.1
9 24 30 14888.6
9 24 45 14858.5
9 24 0 15162
9 24 15 14862
9 24 30 15144
9 24 45 14832
9 24 0 14782.3
9 24 15 14489.8
9 24 30 14460.5
9 24 45 14460.5
9 24 0 14791.8
9 24 15 14487.1
9 24 30 14809.4
9 24 45 14516.4
9 24 0 14958.6
9 24 15 14940.8
9 24 30 14662.6
9 24 45 14940.8
9 24 0 14629.3
9 24 15 14646.7
9 24 30 14327.9
9 24 45 14327.9
9 24 0 14222.9
9 24 15 13958.1
9 24 30 14239.8
9 24 45 13929.9
9 24 0 13697.3
9 24 15 13681.1
9 24 30 13399.2
9 24 45 13426.3
9 24 0 12735.9
9 24 15 12761.6
9 24 30 13003.8
9 24 45 13019.3
