9 20 0 13859.7
9 20 15 13876.2
9 20 30 13876.2
9 20 45 13574.2
9 20 0 13252.5
9 20 15 13236.8
9 20 30 12964.1
9 20 45 12990.3
9 20 0 12862.8
9 20 15 12608.3
9 20 30 12582.8
9 20 45 12847.5
9 20 0 12784.8
9 20 15 12769.6
9 20 30 12531.8
9 20 45 12506.5
9 20 0 12608.3
9 20 15 12847.5
9 20 30 12582.8
9 20 45 12608.3
9 20 0 12811.6
9 20 15 13081.1
9 20 30 12837.5
9 20 45 13096.6
9 20 0 13564.4
9 20 15 13548.3
9 20 30 13269.1
9 20 45 13296
9 20 0 14108
9 20 15 14404.8
9 20 30 14136.5
9 20 45 14421.9
9 20 0 15282.7
9 20 15 15572.7
9 20 30 15591.2
9 20 45 15251.9
9 20 0 16199.7
9 20 15 16526.7
9 20 30 16507.1
9 20 45 16199.7
9 20 0 17072.4
9 20 15 17052.1
9 20 30 16700.8
9 20 45 16700.8
9 20 0 17228.3
9 20 15 16887.4
9 20 30 16853.3
9 20 45 17207.9
9 20 0 16014.5
9 20 15 16351.4
9 20 30 16370.8
9 20 45 16046.9
9 20 0 17150.4
9 20 15 17130
9 20 30 16811
9 20 45 16777.1
9 20 0 17540.1
9 20 15 17519.3
9 20 30 17158.4
9 20 45 17193.1
9 20 0 17441.4
9 20 15 17462.2
9 20 30 17082.1
9 20 45 17082.1
9 20 0 17410.3
9 20 15 17431
9 20 30 17086.1
9 20 45 17051.6
9 20 0 16974.3
9 20 15 16624.6
9 20 30 16994.4
9 20 45 16994.4
9 20 0 16655.1
9 20 15 17005.4
9 20 30 16688.7
9 20 45 17025.6
9 20 0 16822.8
9 20 15 17197.1
9 20 30 16856.9
9 20 45 17176.7
9 20 0 16818.5
9 20 15 16838.5
9 20 30 16472
9 20 45 16505.4
9 20 0 16014.5
9 20 15 16351.4
9 20 30 16046.9
9 20 45 16370.8
9 20 0 15404.4
9 20 15 15435.6
9 20 30 15747.1
9 20 45 15728.4
9 20 0 14949.8
9 20 15 14671.4
9 20 30 14641.8
9 20 45 14967.6
