9 21 0 13953.2
9 21 15 13649.5
9 21 30 13953.2
9 21 45 13936.7
9 21 0 13036.1
9 21 15 13062.5
9 21 30 13062.5
9 21 45 13036.1
9 21 0 12652.7
9 21 15 12678.3
9 21 30 12934.2
9 21 45 12918.8
9 21 0 12840.5
9 21 15 12855.8
9 21 30 12576
9 21 45 12601.4
9 21 0 12918.8
9 21 15 12934.2
9 21 30 12678.3
9 21 45 12652.7
9 21 0 12908.8
9 21 15 13153.7
9 21 30 13169.3
9 21 45 12882.7
9 21 0 13639.7
9 21 15 13369.8
9 21 30 13342.8
9 21 45 13623.5
9 21 0 14502
9 21 15 14186.3
9 21 30 14215
9 21 45 14502
9 21 0 15367.6
9 21 15 15677.8
9 21 30 15336.6
9 21 45 15659.2
9 21 0 16289.6
9 21 15 16256.8
9 21 30 16598.7
9 21 45 16618.5
9 21 0 17146.8
9 21 15 17167.2
9 21 30 16827.5
9 21 45 16793.5
9 21 0 16981.2
9 21 15 17324
9 21 30 17303.4
9 21 45 16946.9
9 21 0 16461.7
9 21 15 16136
9 21 30 16103.4
9 21 45 16442.1
9 21 0 16870.2
9 21 15 17245.6
9 21 30 16904.4
9 21 45 17225.1
9 21 0 17253.6
9 21 15 17288.5
9 21 30 17637.5
9 21 45 17616.6
9 21 0 17177
9 21 15 17559.1
9 21 30 17538.3
9 21 45 17211.7
9 21 0 17146.3
9 21 15 17507
9 21 30 17181
9 21 45 17527.8
9 21 0 17088.8
9 21 15 16716.9
9 21 30 17068.5
9 21 45 16750.7
9 21 0 17099.8
9 21 15 16781.4
9 21 30 17120.2
9 21 45 16747.5
9 21 0 17292.6
9 21 15 16916.2
9 21 30 16950.5
9 21 45 17272.1
9 21 0 16911.9
9 21 15 16597
9 21 30 16563.5
9 21 45 16932
9 21 0 16442.1
9 21 15 16103.4
9 21 30 16136
9 21 45 16461.7
9 21 0 15489.9
9 21 15 15834.6
9 21 30 15815.8
9 21 45 15521.3
9 21 0 14752.9
9 21 15 14723.1
9 21 30 15032.8
9 21 45 15050.7
