9 12 0 14242.5
9 12 15 14530
9 12 30 14512.7
9 12 45 14242.5
9 12 0 13876.9
9 12 15 13860.5
9 12 30 13860.5
9 12 45 13574.9
9 12 0 13468.8
9 12 15 13452.8
9 12 30 13175.7
9 12 45 13468.8
9 12 0 13122.3
9 12 15 13387.2
9 12 30 13095.8
9 12 45 13095.8
9 12 0 13468.8
9 12 15 13452.8
9 12 30 13175.7
9 12 45 13452.8
9 12 0 13697.4
9 12 15 13442.3
9 12 30 13713.7
9 12 45 13415.2
9 12 0 13894.3
9 12 15 14203.5
9 12 30 13922.4
9 12 45 13894.3
9 12 0 15083.5
9 12 15 15101.4
9 12 30 14772.7
9 12 45 14802.6
9 12 0 15970.5
9 12 15 16325.8
9 12 30 16002.8
9 12 45 16306.4
9 12 0 17284.8
9 12 15 17305.4
9 12 30 16963
9 12 45 16963
9 12 0 17523.1
9 12 15 17855.6
9 12 30 17876.8
9 12 45 17855.6
9 12 0 17683.1
9 12 15 18040
9 12 30 17647.4
9 12 45 17683.1
9 12 0 16802.9
9 12 15 16769
9 12 30 16802.9
9 12 45 16769
9 12 0 17603.1
9 12 15 17958.4
9 12 30 17937.1
9 12 45 17937.1
9 12 0 17966.8
9 12 15 18344.7
9 12 30 18366.5
9 12 45 18003.1
9 12 0 18284.9
9 12 15 18263.2
9 12 30 17923.1
9 12 45 17886.9
9 12 0 17855
9 12 15 18252.3
9 12 30 17891.1
9 12 45 18252.3
9 12 0 17407.8
9 12 15 17774
9 12 30 17795.1
9 12 45 17407.8
9 12 0 17827.8
9 12 15 17806.6
9 12 30 17475.1
9 12 45 17439.8
9 12 0 17651.1
9 12 15 18007.4
9 12 30 17615.5
9 12 45 17986
9 12 0 17631.9
9 12 15 17283
9 12 30 17611
9 12 45 17248.1
9 12 0 16769
9 12 15 17142.1
9 12 30 17121.8
9 12 45 16802.9
9 12 0 16130.2
9 12 15 16162.8
9 12 30 16489.1
9 12 45 16469.5
9 12 0 15331.7
9 12 15 15362.7
9 12 30 15654.2
9 12 45 15672.8
