9 10 0 11869.9
9 10 15 12119.6
9 10 30 11893.9
9 10 45 11893.9
9 10 0 11588.6
9 10 15 11359.3
9 10 30 11574.9
9 10 45 11336.4
9 10 0 11003
9 10 15 11247.8
9 10 30 11234.4
9 10 45 11025.2
9 10 0 10936.3
9 10 15 10958.4
9 10 30 11166.3
9 10 45 11179.6
9 10 0 11025.2
9 10 15 11003
9 10 30 11247.8
9 10 45 11234.4
9 10 0 11203
9 10 15 11438.7
9 10 30 11225.7
9 10 45 11452.3
9 10 0 11626.6
9 10 15 11847.2
9 10 30 11603.1
9 10 45 11847.2
9 10 0 12336.7
9 10 15 12361.6
9 10 30 12611.1
9 10 45 12596.2
9 10 0 13336.9
9 10 15 13363.9
9 10 30 13633.7
9 10 45 13336.9
9 10 0 14434.5
9 10 15 14137.1
9 10 30 14451.7
9 10 45 14165.7
9 10 0 14633.5
9 10 15 14928.9
9 10 30 14603.9
9 10 45 14911.1
9 10 0 15065.2
9 10 15 14737.3
9 10 30 15047.3
9 10 45 14767.1
9 10 0 14315.3
9 10 15 14003.8
9 10 30 14032.1
9 10 45 14298.3
9 10 0 14670.6
9 10 15 14997
9 10 30 14700.3
9 10 45 14979.2
9 10 0 15034.4
9 10 15 15319.7
9 10 30 15004
9 10 45 15337.9
9 10 0 14937.4
9 10 15 15269.7
9 10 30 14967.6
9 10 45 15251.6
9 10 0 14940.8
9 10 15 15224.3
9 10 30 14910.7
9 10 45 15242.4
9 10 0 14843
9 10 15 14537.2
9 10 30 14860.7
9 10 45 14566.6
9 10 0 14888
9 10 15 14870.3
9 10 30 14563.9
9 10 45 14593.4
9 10 0 14740.4
9 10 15 15037.9
9 10 30 15020.1
9 10 45 14710.6
9 10 0 14706.9
9 10 15 14433
9 10 30 14403.9
9 10 45 14724.4
9 10 0 14003.8
9 10 15 14298.3
9 10 30 14032.1
9 10 45 14315.3
9 10 0 13470.3
9 10 15 13497.5
9 10 30 13770
9 10 45 13753.6
9 10 0 13088.3
9 10 15 12829.3
9 10 30 12803.4
9 10 45 13072.8
