9 15 0 13968.6
9 15 15 13708.5
9 15 30 13985.2
9 15 45 13708.5
9 15 0 13066
9 15 15 13092.4
9 15 30 13066
9 15 45 13066
9 15 0 12948.4
9 15 15 12963.8
9 15 30 12707.3
9 15 45 12681.7
9 15 0 12885.3
9 15 15 12630.3
9 15 30 12870
9 15 45 12604.8
9 15 0 12707.3
9 15 15 12681.7
9 15 30 12963.8
9 15 45 12948.4
9 15 0 13183.9
9 15 15 12912.3
9 15 30 12938.4
9 15 45 13199.5
9 15 0 13671
9 15 15 13400.5
9 15 30 13373.4
9 15 45 13654.7
9 15 0 14218.8
9 15 15 14535.2
9 15 30 14247.6
9 15 45 14517.9
9 15 0 15695.1
9 15 15 15402.8
9 15 30 15713.7
9 15 45 15695.1
9 15 0 16327
9 15 15 16656.6
9 15 30 16636.8
9 15 45 16294
9 15 0 16832
9 15 15 16866.1
9 15 30 17186.1
9 15 45 17206.5
9 15 0 16985.8
9 15 15 17020.1
9 15 30 17363.7
9 15 45 17343.1
9 15 0 16140.3
9 15 15 16479.8
9 15 30 16173
9 15 45 16479.8
9 15 0 17264.6
9 15 15 16908.9
9 15 30 17285.1
9 15 45 17285.1
9 15 0 17678
9 15 15 17293.2
9 15 30 17657
9 15 45 17328.2
9 15 0 17216.3
9 15 15 17251.2
9 15 30 17578.5
9 15 45 17599.4
9 15 0 17185.6
9 15 15 17568
9 15 30 17547.1
9 15 45 17220.4
9 15 0 17107.6
9 15 15 17128
9 15 30 16789.1
9 15 45 16755.2
9 15 0 17159.4
9 15 15 16819.9
9 15 30 17139
9 15 45 16785.9
9 15 0 17311.7
9 15 15 17332.3
9 15 30 16955
9 15 45 16989.3
9 15 0 16950.7
9 15 15 16635
9 15 30 16601.5
9 15 45 16970.8
9 15 0 16499.4
9 15 15 16479.8
9 15 30 16140.3
9 15 45 16173
9 15 0 15525.4
9 15 15 15852
9 15 30 15870.9
9 15 45 15556.8
9 15 0 15067.3
9 15 15 14786.7
9 15 30 15085.2
9 15 45 14756.9
