9 16 0 12115.2
9 16 15 12100.8
9 16 30 12115.2
9 16 45 11875.5
9 16 0 11570.7
9 16 15 11341.7
9 16 30 11318.8
9 16 45 11556.9
9 16 0 10985.9
9 16 15 11217
9 16 30 11008.2
9 16 45 10985.9
9 16 0 11162.3
9 16 15 11149
9 16 30 10941.4
9 16 45 10919.3
9 16 0 11217
9 16 15 10985.9
9 16 30 11230.4
9 16 45 11217
9 16 0 11208.3
9 16 15 11421
9 16 30 11434.5
9 16 45 11185.7
9 16 0 11842.9
9 16 15 11828.9
9 16 30 11585.2
9 16 45 11608.6
9 16 0 12317.6
9 16 15 12591.6
9 16 30 12342.5
9 16 45 12576.7
9 16 0 13612.6
9 16 15 13343.2
9 16 30 13316.3
9 16 45 13596.4
9 16 0 14429.3
9 16 15 14412.2
9 16 30 14143.8
9 16 45 14429.3
9 16 0 14610.8
9 16 15 14888.1
9 16 30 14581.3
9 16 45 14581.3
9 16 0 15024
9 16 15 14744.3
9 16 30 14714.5
9 16 45 15041.9
9 16 0 14276.2
9 16 15 14293.2
9 16 30 14010.4
9 16 45 13982.1
9 16 0 14677.5
9 16 15 14973.8
9 16 30 14647.9
9 16 45 14956
9 16 0 15011.1
9 16 15 14980.8
9 16 30 15295.9
9 16 45 15011.1
9 16 0 15228
9 16 15 15246.1
9 16 30 14944.4
9 16 45 15246.1
9 16 0 15218.8
9 16 15 15200.8
9 16 30 14887.6
9 16 45 14917.7
9 16 0 14820.1
9 16 15 14514.7
9 16 30 14544.1
9 16 45 14837.7
9 16 0 14570.8
9 16 15 14847.3
9 16 30 14541.4
9 16 45 14864.9
9 16 0 15014.6
9 16 15 14717.6
9 16 30 14996.8
9 16 45 14687.9
9 16 0 14701.6
9 16 15 14684.1
9 16 30 14410.7
9 16 45 14381.6
9 16 0 14276.2
9 16 15 14293.2
9 16 30 13982.1
9 16 45 14010.4
9 16 0 13732.4
9 16 15 13476.6
9 16 30 13748.7
9 16 45 13449.4
9 16 0 13068.1
9 16 15 12809.5
9 16 30 12783.6
9 16 45 13068.1
