9 28 0 13473.7
9 28 15 13446.5
9 28 30 13745.6
9 28 45 13729.3
9 28 0 13127.9
9 28 15 12842.1
9 28 30 13112.3
9 28 45 12842.1
9 28 0 12726.6
9 28 15 12741.7
9 28 30 12464.4
9 28 45 12489.6
9 28 0 12649.5
9 28 15 12413.9
9 28 30 12388.9
9 28 45 12664.5
9 28 0 12726.6
9 28 15 12741.7
9 28 30 12464.4
9 28 45 12489.6
9 28 0 12716.7
9 28 15 12958
9 28 30 12973.4
9 28 45 12691
9 28 0 13170.9
9 28 15 13436.7
9 28 30 13420.8
9 28 45 13170.9
9 28 0 14269.2
9 28 15 14286.2
9 28 30 14003.5
9 28 45 13975.3
9 28 0 15108.4
9 28 15 15426.2
9 28 30 15138.9
9 28 45 15444.5
9 28 0 16014.9
9 28 15 16047.3
9 28 30 16351.8
9 28 45 16371.2
9 28 0 16911.8
9 28 15 16543.7
9 28 30 16891.7
9 28 45 16577.1
9 28 0 16694.8
9 28 15 17046
9 28 30 17066.2
9 28 45 16728.5
9 28 0 15895.9
9 28 15 16216.8
9 28 30 15863.8
9 28 45 16197.5
9 28 0 16989
9 28 15 16652.8
9 28 30 16989
9 28 45 16968.8
9 28 0 17375.1
9 28 15 17031.3
9 28 30 16996.9
9 28 45 17354.5
9 28 0 16921.4
9 28 15 17277.3
9 28 30 17297.9
9 28 45 16955.6
9 28 0 16891.2
9 28 15 16925.3
9 28 30 17246.5
9 28 45 16925.3
9 28 0 16501.5
9 28 15 16814.6
9 28 30 16834.5
9 28 45 16468.1
9 28 0 16845.4
9 28 15 16498.4
9 28 30 16865.4
9 28 45 16865.4
9 28 0 16698.3
9 28 15 16664.6
9 28 30 17015.1
9 28 45 17035.3
9 28 0 16660.3
9 28 15 16680.1
9 28 30 16350.1
9 28 45 16317.1
9 28 0 15895.9
9 28 15 15863.8
9 28 30 16197.5
9 28 45 16216.8
9 28 0 15259.5
9 28 15 15290.3
9 28 30 15580.5
9 28 45 15290.3
9 28 0 14826.8
9 28 15 14809.2
9 28 30 14533.4
9 28 45 14504.1
