9 11 0 13874.4
9 11 15 14183.1
9 11 30 14183.1
9 11 45 13902.5
9 11 0 13545.6
9 11 15 13277.6
9 11 30 13529.6
9 11 45 13529.6
9 11 0 13147.2
9 11 15 12887.1
9 11 30 12861.1
9 11 45 12861.1
9 11 0 12809
9 11 15 13052
9 11 30 12783.1
9 11 45 13067.6
9 11 0 12887.1
9 11 15 13131.6
9 11 30 13147.2
9 11 45 12861.1
9 11 0 13370.4
9 11 15 13121.4
9 11 30 13386.3
9 11 45 13121.4
9 11 0 13590
9 11 15 13864.4
9 11 30 13847.9
9 11 45 13562.6
9 11 0 14740.8
9 11 15 14420
9 11 30 14723.3
9 11 45 14449.2
9 11 0 15917.1
9 11 15 15620.7
9 11 30 15589.2
9 11 45 15936
9 11 0 16524.6
9 11 15 16892.2
9 11 30 16872.2
9 11 45 16558
9 11 0 17429.3
9 11 15 17450
9 11 30 17104.7
9 11 45 17070.2
9 11 0 17588.4
9 11 15 17226.1
9 11 30 17609.3
9 11 45 17260.9
9 11 0 16368.7
9 11 15 16713
9 11 30 16732.9
9 11 45 16713
9 11 0 17148.1
9 11 15 17508.8
9 11 30 17182.8
9 11 45 17529.7
9 11 0 17906.8
9 11 15 17537.9
9 11 30 17573.3
9 11 45 17928.1
9 11 0 17495.2
9 11 15 17848.4
9 11 30 17827.2
9 11 45 17827.2
9 11 0 17816.5
9 11 15 17464
9 11 30 17795.4
9 11 45 17428.7
9 11 0 17349.7
9 11 15 16992.2
9 11 30 17370.3
9 11 45 17026.6
9 11 0 17402.2
9 11 15 17057.8
9 11 30 17381.5
9 11 45 17023.4
9 11 0 17194.9
9 11 15 17577.5
9 11 30 17229.7
9 11 45 17556.6
9 11 0 17190.5
9 11 15 17210.9
9 11 30 16870.4
9 11 45 16836.3
9 11 0 16401.8
9 11 15 16713
9 11 30 16368.7
9 11 45 16732.9
9 11 0 15776.9
9 11 15 15745.1
9 11 30 16076.3
9 11 45 15745.1
9 11 0 14995.9
9 11 15 15280.4
9 11 30 14965.6
9 11 45 15298.6
