9 30 0 12017.7
9 30 15 12003.4
9 30 30 11756.1
9 30 45 11779.9
9 30 0 11477.6
9 30 15 11250.5
9 30 30 11250.5
9 30 45 11463.9
9 30 0 11126.8
9 30 15 10897.5
9 30 30 10919.6
9 30 45 11140
9 30 0 11059.3
9 30 15 10831.5
9 30 30 10853.4
9 30 45 11072.5
9 30 0 10897.5
9 30 15 11140
9 30 30 10919.6
9 30 45 10897.5
9 30 0 11118.1
9 30 15 11329.1
9 30 30 11095.7
9 30 45 11342.5
9 30 0 11515.2
9 30 15 11733.7
9 30 30 11491.9
9 30 45 11747.6
9 30 0 12218.4
9 30 15 12490.3
9 30 30 12243.2
9 30 45 12475.5
9 30 0 13503
9 30 15 13209.1
9 30 30 13487
9 30 45 13235.8
9 30 0 14313.2
9 30 15 14296.2
9 30 30 14030
9 30 45 14001.7
9 30 0 14464
9 30 15 14785.8
9 30 30 14768.3
9 30 45 14493.3
9 30 0 14903.1
9 30 15 14920.8
9 30 30 14625.6
9 30 45 14903.1
9 30 0 14161.3
9 30 15 13869.6
9 30 30 14178.2
9 30 45 13897.6
9 30 0 14853.3
9 30 15 14530
9 30 30 14559.4
9 30 45 14835.7
9 30 0 15190.9
9 30 15 15172.9
9 30 30 14860.3
9 30 45 14890.3
9 30 0 14794.2
9 30 15 15123.4
9 30 30 14824.1
9 30 45 15105.4
9 30 0 14797.7
9 30 15 15096.4
9 30 30 14767.8
9 30 45 15078.5
9 30 0 14397.9
9 30 15 14700.8
9 30 30 14718.3
9 30 45 14427.1
9 30 0 14453.5
9 30 15 14424.4
9 30 30 14745.3
9 30 45 14727.8
9 30 0 14876.1
9 30 15 14893.8
9 30 30 14599.1
9 30 45 14569.7
9 30 0 14294.7
9 30 15 14265.9
9 30 30 14565.9
9 30 45 14583.3
9 30 0 14178.2
9 30 15 14161.3
9 30 30 13897.6
9 30 45 13869.6
9 30 0 13368.2
9 30 15 13341.2
9 30 30 13621.9
9 30 45 13638.1
9 30 0 12947.5
9 30 15 12706.4
9 30 30 12680.8
9 30 45 12680.8
