9 8 0 14402
9 8 15 14372.9
9 8 30 14692.7
9 8 45 14675.3
9 8 0 14032.4
9 8 15 14015.7
9 8 30 13754.7
9 8 45 13754.7
9 8 0 13603.5
9 8 15 13350.2
9 8 30 13619.7
9 8 45 13603.5
9 8 0 13242.5
9 8 15 13269.3
9 8 30 13521
9 8 45 13537.1
9 8 0 13619.7
9 8 15 13603.5
9 8 30 13323.2
9 8 45 13323.2
9 8 0 13850.8
9 8 15 13592.9
9 8 30 13867.3
9 8 45 13565.5
9 8 0 14345.5
9 8 15 14078.4
9 8 30 14050
9 8 45 14362.6
9 8 0 14938.2
9 8 15 15270.5
9 8 30 15252.4
9 8 45 14968.4
9 8 0 16508.7
9 8 15 16149.4
9 8 30 16489.1
9 8 45 16149.4
9 8 0 17118.3
9 8 15 17499.2
9 8 30 17153
9 8 45 17478.4
9 8 0 17683.6
9 8 15 17719.3
9 8 30 18055.5
9 8 45 18077
9 8 0 18242.1
9 8 15 18220.4
9 8 30 17845.1
9 8 45 17881.1
9 8 0 16991.1
9 8 15 17334.1
9 8 30 16956.8
9 8 45 17313.5
9 8 0 17764.3
9 8 15 18159.5
9 8 30 18138
9 8 45 17800.2
9 8 0 18204.8
9 8 15 18572.3
9 8 30 18550.2
9 8 45 18204.8
9 8 0 18489.7
9 8 15 18123.9
9 8 30 18467.8
9 8 45 18087.3
9 8 0 18055
9 8 15 18091.5
9 8 30 18456.7
9 8 45 18434.8
9 8 0 17973.1
9 8 15 17638.4
9 8 30 17602.8
9 8 45 17994.5
9 8 0 18027.5
9 8 15 18006.1
9 8 30 17635.1
9 8 45 17635.1
9 8 0 17812.8
9 8 15 18187.5
9 8 30 17848.8
9 8 45 18209.1
9 8 0 17829.4
9 8 15 17441.3
9 8 30 17476.6
9 8 45 17808.2
9 8 0 16991.1
9 8 15 17334.1
9 8 30 17313.5
9 8 45 16956.8
9 8 0 16673.8
9 8 15 16343.9
9 8 30 16310.9
9 8 45 16310.9
9 8 0 15534.8
9 8 15 15848.3
9 8 30 15829.5
9 8 45 15503.4
