9 22 0 13772.5
9 22 15 13772.5
9 22 30 14062.3
9 22 45 13800.4
9 22 0 13430.2
9 22 15 13446.2
9 22 30 13430.2
9 22 45 13153.5
9 22 0 13050.7
9 22 15 12792.5
9 22 30 13050.7
9 22 45 12792.5
9 22 0 12715
9 22 15 12689.3
9 22 30 12715
9 22 45 12689.3
9 22 0 13035.2
9 22 15 12766.7
9 22 30 13050.7
9 22 45 12792.5
9 22 0 13288
9 22 15 12998.8
9 22 30 13025.1
9 22 45 13288
9 22 0 13746.2
9 22 15 13463
9 22 30 13490.3
9 22 45 13762.6
9 22 0 14615.3
9 22 15 14343.1
9 22 30 14632.6
9 22 45 14314.2
9 22 0 15506.1
9 22 15 15819.1
9 22 30 15800.3
9 22 45 15474.8
9 22 0 16403.3
9 22 15 16436.4
9 22 30 16748.3
9 22 45 16768.2
9 22 0 16944.9
9 22 15 16979.1
9 22 30 17301.3
9 22 45 17321.9
9 22 0 17459.3
9 22 15 17480.1
9 22 30 17099.6
9 22 45 17459.3
9 22 0 16248.5
9 22 15 16590.3
9 22 30 16281.4
9 22 45 16610
9 22 0 17022.2
9 22 15 17401
9 22 30 17056.7
9 22 45 17380.3
9 22 0 17796.4
9 22 15 17444.3
9 22 30 17409.1
9 22 45 17775.3
9 22 0 17366.8
9 22 15 17696.3
9 22 30 17331.7
9 22 45 17717.4
9 22 0 17664.7
9 22 15 17300.8
9 22 30 17685.7
9 22 45 17335.8
9 22 0 17222.3
9 22 15 17242.8
9 22 30 16901.6
9 22 45 16867.5
9 22 0 16898.4
9 22 15 17253.9
9 22 30 16932.6
9 22 45 17274.4
9 22 0 17103.2
9 22 15 17448.4
9 22 30 17068.7
9 22 45 17427.7
9 22 0 16746.5
9 22 15 17064.3
9 22 30 17084.6
9 22 45 16712.7
9 22 0 16248.5
9 22 15 16610
9 22 30 16281.4
9 22 45 16590.3
9 22 0 15977.3
9 22 15 15661.1
9 22 30 15629.5
9 22 45 15958.3
9 22 0 14885.8
9 22 15 15186.3
9 22 30 15168.3
9 22 45 14855.8
