9 13 0 13848.5
9 13 15 13848.5
9 13 30 14156.6
9 13 45 13876.5
9 13 0 13252.8
9 13 15 13520.4
9 13 30 13504.3
9 13 45 13520.4
9 13 0 13107.1
9 13 15 12837.1
9 13 30 13107.1
9 13 45 12863.1
9 13 0 12759.3
9 13 15 12785.1
9 13 30 13027.7
9 13 45 13043.2
9 13 0 12837.1
9 13 15 13107.1
9 13 30 13122.7
9 13 45 12863.1
9 13 0 13070.5
9 13 15 13096.9
9 13 30 13345.4
9 13 45 13361.3
9 13 0 13537.3
9 13 15 13564.7
9 13 30 13838.5
9 13 45 13537.3
9 13 0 14393.1
9 13 15 14422.2
9 13 30 14713.3
9 13 45 14695.9
9 13 0 15560.1
9 13 15 15906.3
9 13 30 15591.6
9 13 45 15887.4
9 13 0 16493.7
9 13 15 16840.7
9 13 30 16860.7
9 13 45 16527.1
9 13 0 17417.4
9 13 15 17072.8
9 13 30 17396.7
9 13 45 17417.4
9 13 0 17555.6
9 13 15 17576.5
9 13 30 17193.9
9 13 45 17228.7
9 13 0 16681.8
9 13 15 16701.6
9 13 30 16371.2
9 13 45 16338.1
9 13 0 17496.9
9 13 15 17116.1
9 13 30 17150.7
9 13 45 17476.2
9 13 0 17894.6
9 13 15 17873.4
9 13 30 17540.5
9 13 45 17505.1
9 13 0 17462.6
9 13 15 17793.9
9 13 30 17427.3
9 13 45 17815.1
9 13 0 17783.3
9 13 15 17762.1
9 13 30 17396.2
9 13 45 17762.1
9 13 0 16994.8
9 13 15 16960.5
9 13 30 17337.9
9 13 45 17317.3
9 13 0 17349.1
9 13 15 17026
9 13 30 16991.6
9 13 45 17369.7
9 13 0 17523.8
9 13 15 17162.8
9 13 30 17197.5
9 13 45 17544.7
9 13 0 17178.8
9 13 15 16838.9
9 13 30 17158.4
9 13 45 16804.9
9 13 0 16701.6
9 13 15 16371.2
9 13 30 16338.1
9 13 45 16371.2
9 13 0 16046.3
9 13 15 15715.7
9 13 30 16065.4
9 13 45 15747.5
9 13 0 15270.1
9 13 15 14967.9
9 13 30 15251.9
9 13 45 15251.9
