9 19 0 14664.5
9 19 15 14362.4
9 19 30 14681.9
9 19 45 14391.4
9 19 0 14022.1
9 19 15 13716.9
9 19 30 13744.6
9 19 45 13716.9
9 19 0 13340.4
9 19 15 13313.5
9 19 30 13593.5
9 19 45 13593.5
9 19 0 13232.8
9 19 15 13527.2
9 19 30 13511.1
9 19 45 13259.5
9 19 0 13340.4
9 19 15 13593.5
9 19 30 13313.5
9 19 45 13340.4
9 19 0 13582.9
9 19 15 13555.5
9 19 30 13840.7
9 19 45 13857.1
9 19 0 14352
9 19 15 14068
9 19 30 14335
9 19 45 14352
9 19 0 14927.2
9 19 15 14957.4
9 19 30 15259.3
9 19 45 15241.2
9 19 0 16137.5
9 19 15 16496.6
9 19 30 16496.6
9 19 45 16477
9 19 0 17105.8
9 19 15 17486.4
9 19 30 17465.6
9 19 45 17140.4
9 19 0 18042.3
9 19 15 17670.6
9 19 30 18063.7
9 19 45 17706.3
9 19 0 17832
9 19 15 18207.1
9 19 30 18207.1
9 19 45 17868
9 19 0 16978.7
9 19 15 16944.4
9 19 30 17300.8
9 19 45 17321.4
9 19 0 18124.7
9 19 15 17787.2
9 19 30 18146.2
9 19 45 17751.3
9 19 0 18154.7
9 19 15 18558.6
9 19 30 18536.6
9 19 45 18191.4
9 19 0 18110.6
9 19 15 18454.2
9 19 30 18074
9 19 45 18476.2
9 19 0 18078.2
9 19 15 18443.2
9 19 30 18041.8
9 19 45 18443.2
9 19 0 17959.9
9 19 15 17589.9
9 19 30 17625.5
9 19 45 17981.3
9 19 0 18014.3
9 19 15 17657.8
9 19 30 17622.2
9 19 45 17992.9
9 19 0 17799.7
9 19 15 17835.7
9 19 30 18174.1
9 19 45 18174.1
9 19 0 17463.8
9 19 15 17816.3
9 19 30 17428.5
9 19 45 17795.1
9 19 0 17321.4
9 19 15 16978.7
9 19 30 16944.4
9 19 45 17300.8
9 19 0 16641.8
9 19 15 16661.5
9 19 30 16331.9
9 19 45 16298.9
9 19 0 15492
9 19 15 15523.4
9 19 30 15817.9
9 19 45 15836.7
