9 26 0 14355
9 26 15 14674.4
9 26 30 14657
9 26 45 14384.1
9 26 0 13737.6
9 26 15 13998.3
9 26 30 14014.9
9 26 45 13709.9
9 26 0 13306.6
9 26 15 13333.5
9 26 30 13602.7
9 26 45 13333.5
9 26 0 13504.2
9 26 15 13520.3
9 26 30 13252.7
9 26 45 13226
9 26 0 13306.6
9 26 15 13602.7
9 26 30 13333.5
9 26 45 13586.5
9 26 0 13833.6
9 26 15 13850
9 26 30 13850
9 26 45 13576
9 26 0 14032.4
9 26 15 14344.7
9 26 30 14060.8
9 26 45 14327.6
9 26 0 14919.6
9 26 15 14949.7
9 26 30 15233.4
9 26 45 15251.5
9 26 0 16161.9
9 26 15 16488.1
9 26 30 16468.5
9 26 45 16129.2
9 26 0 17131.6
9 26 15 17097
9 26 30 17456.6
9 26 45 17477.4
9 26 0 17697.2
9 26 15 18054.5
9 26 30 17661.5
9 26 45 18033
9 26 0 17822.8
9 26 15 18219.4
9 26 30 18197.7
9 26 45 17858.9
9 26 0 17312.5
9 26 15 16935.7
9 26 30 17292
9 26 45 16970
9 26 0 17778.1
9 26 15 18136.9
9 26 30 17742.2
9 26 45 18115.4
9 26 0 18527.1
9 26 15 18145.4
9 26 30 18549.1
9 26 45 18145.4
9 26 0 18101.3
9 26 15 18444.8
9 26 30 18466.7
9 26 45 18444.8
9 26 0 18069
9 26 15 18433.7
9 26 30 18411.8
9 26 45 18032.5
9 26 0 17950.7
9 26 15 17972
9 26 30 17580.9
9 26 45 17580.9
9 26 0 17648.8
9 26 15 17613.1
9 26 30 18005
9 26 45 17983.6
9 26 0 18164.8
9 26 15 17826.5
9 26 30 17790.6
9 26 45 18164.8
9 26 0 17807.2
9 26 15 17419.6
9 26 30 17454.8
9 26 45 17786
9 26 0 16935.7
9 26 15 16970
9 26 30 17292
9 26 45 17312.5
9 26 0 16653
9 26 15 16633.2
9 26 30 16290.5
9 26 45 16323.5
9 26 0 15828.6
9 26 15 15809.8
9 26 30 15484.1
9 26 45 15828.6
