9 23 0 12108.5
9 23 15 12084
9 23 30 12352.9
9 23 45 12352.9
9 23 0 11540.9
9 23 15 11564.3
9 23 30 11564.3
9 23 45 11540.9
9 23 0 11224.1
9 23 15 11437.1
9 23 30 11201.5
9 23 45 11437.1
9 23 0 11381.3
9 23 15 11367.8
9 23 30 11133.6
9 23 45 11156.1
9 23 0 11437.1
9 23 15 11224.1
9 23 30 11201.5
9 23 45 11450.7
9 23 0 11405.1
9 23 15 11428.2
9 23 30 11645
9 23 45 11658.9
9 23 0 11812.5
9 23 15 12060.9
9 23 30 12075.3
9 23 45 12075.3
9 23 0 12838.7
9 23 15 12823.4
9 23 30 12559.2
9 23 45 12584.6
9 23 0 13863.2
9 23 15 13605
9 23 30 13879.6
9 23 45 13577.5
9 23 0 14421.3
9 23 15 14694.9
9 23 30 14712.4
9 23 45 14712.4
9 23 0 14867.4
9 23 15 14897.5
9 23 30 15198.2
9 23 45 15180.2
9 23 0 15003.2
9 23 15 15318.8
9 23 30 15337
9 23 45 15033.5
9 23 0 14285.3
9 23 15 14256.4
9 23 30 14573.6
9 23 45 14556.3
9 23 0 14965.5
9 23 15 15267.6
9 23 30 15249.5
9 23 45 14935.3
9 23 0 15596
9 23 15 15274.7
9 23 30 15274.7
9 23 45 15596
9 23 0 15237.6
9 23 15 15545.2
9 23 30 15526.7
9 23 45 15206.8
9 23 0 15517.4
9 23 15 15210.4
9 23 30 15499
9 23 45 15179.7
9 23 0 15110.8
9 23 15 14799.5
9 23 30 14829.5
9 23 45 15128.8
9 23 0 14826.7
9 23 15 15156.6
9 23 30 15138.6
9 23 45 14856.7
9 23 0 15309.2
9 23 15 15291.1
9 23 30 15006.3
9 23 45 14976
9 23 0 14972.2
9 23 15 14663.7
9 23 30 14990
9 23 45 14693.4
9 23 0 14285.3
9 23 15 14573.6
9 23 30 14256.4
9 23 45 14556.3
9 23 0 14018.4
9 23 15 13713.3
9 23 30 13741.1
9 23 45 14001.8
9 23 0 13324.4
9 23 15 13308.6
9 23 30 13034.4
9 23 45 13060.8
