9 3 0 11992.2
9 3 15 11978
9 3 30 11992.2
9 3 45 11755
9 3 0 11439.7
9 3 15 11226.6
9 3 30 11226.6
9 3 45 11204
9 3 0 10874.5
9 3 15 11116.4
9 3 30 10896.5
9 3 45 10874.5
9 3 0 10808.6
9 3 15 11035.9
9 3 30 11049
9 3 45 10830.4
9 3 0 10874.5
9 3 15 10896.5
9 3 30 11116.4
9 3 45 11103.2
9 3 0 11094.6
9 3 15 11318.5
9 3 30 11072.2
9 3 45 11305.1
9 3 0 11467.6
9 3 15 11490.8
9 3 30 11722.8
9 3 45 11708.8
9 3 0 12463.8
9 3 15 12449.1
9 3 30 12217.2
9 3 45 12192.6
9 3 0 13474.4
9 3 15 13207.8
9 3 30 13181.2
9 3 45 13458.4
9 3 0 14265.9
9 3 15 14000.3
9 3 30 14282.9
9 3 45 13972
9 3 0 14433.4
9 3 15 14462.6
9 3 30 14737
9 3 45 14737
9 3 0 14871.6
9 3 15 14594.6
9 3 30 14565.2
9 3 45 14889.2
9 3 0 13840.2
9 3 15 14131.4
9 3 30 13868.2
9 3 45 14148.2
9 3 0 14499.3
9 3 15 14528.6
9 3 30 14804.3
9 3 45 14821.9
9 3 0 15158.7
9 3 15 14828.8
9 3 30 14828.8
9 3 45 14858.8
9 3 0 14762.9
9 3 15 15091.4
9 3 30 14792.8
9 3 45 15073.4
9 3 0 15064.4
9 3 15 15046.5
9 3 30 14736.5
9 3 45 14766.3
9 3 0 14396.5
9 3 15 14687.1
9 3 30 14367.5
9 3 45 14669.7
9 3 0 14393.8
9 3 15 14422.9
9 3 30 14714.1
9 3 45 14422.9
9 3 0 14844.7
9 3 15 14538.8
9 3 30 14862.3
9 3 45 14568.2
9 3 0 14552.4
9 3 15 14235.7
9 3 30 14264.4
9 3 45 14535.1
9 3 0 14148.2
9 3 15 14131.4
9 3 30 13868.2
9 3 45 13840.2
9 3 0 13339.9
9 3 15 13313
9 3 30 13593
9 3 45 13593
9 3 0 12920.1
9 3 15 12679.5
9 3 30 12935.5
9 3 45 12935.5
