9 2 0 12069.3
9 2 15 12312.9
9 2 30 12312.9
9 2 45 12044.9
9 2 0 11503.6
9 2 15 11503.6
9 2 30 11759.5
9 2 45 11526.8
9 2 0 11400.1
9 2 15 11165.2
9 2 30 11187.8
9 2 45 11413.6
9 2 0 11331
9 2 15 11120
9 2 30 11331
9 2 45 11331
9 2 0 11165.2
9 2 15 11400.1
9 2 30 11187.8
9 2 45 11413.6
9 2 0 11621.2
9 2 15 11368.2
9 2 30 11391.2
9 2 45 11391.2
9 2 0 11798
9 2 15 12036.2
9 2 30 11774.2
9 2 45 12021.9
9 2 0 12797.1
9 2 15 12518.6
9 2 30 12543.9
9 2 45 12781.9
9 2 0 13818.3
9 2 15 13561
9 2 30 13533.6
9 2 45 13818.3
9 2 0 14374.6
9 2 15 14647.4
9 2 30 14345.6
9 2 45 14664.8
9 2 0 15149
9 2 15 14819.3
9 2 30 14849.3
9 2 45 15131
9 2 0 15269.2
9 2 15 14954.6
9 2 30 14984.9
9 2 45 15287.4
9 2 0 14526.4
9 2 15 14210.3
9 2 30 14509.2
9 2 45 14239
9 2 0 15218.2
9 2 15 14887
9 2 30 15200.1
9 2 45 14917.1
9 2 0 15564
9 2 15 15256.1
9 2 30 15545.6
9 2 45 15225.3
9 2 0 15494.9
9 2 15 15157.6
9 2 30 15188.3
9 2 45 15494.9
9 2 0 15161.2
9 2 15 15467.2
9 2 30 15448.8
9 2 45 15448.8
9 2 0 14751.6
9 2 15 14781.5
9 2 30 15079.8
9 2 45 15079.8
9 2 0 15089.6
9 2 15 14808.6
9 2 30 14778.7
9 2 45 14778.7
9 2 0 14927.6
9 2 15 15259.7
9 2 30 14957.7
9 2 45 15241.6
9 2 0 14645.8
9 2 15 14616.3
9 2 30 14923.7
9 2 45 14941.5
9 2 0 14526.4
9 2 15 14210.3
9 2 30 14239
9 2 45 14509.2
9 2 0 13696.6
9 2 15 13956.5
9 2 30 13668.9
9 2 45 13668.9
9 2 0 12992.3
9 2 15 13018.5
9 2 30 13281.3
9 2 45 13265.6
