9 5 0 14365.5
9 5 15 14098
9 5 30 14365.5
9 5 45 14382.6
9 5 0 13719.9
9 5 15 13464.4
9 5 30 13437.2
9 5 45 13437.2
9 5 0 13332.2
9 5 15 13316.4
9 5 30 13068.4
9 5 45 13068.4
9 5 0 12989.2
9 5 15 13251.4
9 5 30 12963
9 5 45 13251.4
9 5 0 13042
9 5 15 13068.4
9 5 30 13332.2
9 5 45 13316.4
9 5 0 13558.5
9 5 15 13279.1
9 5 30 13306
9 5 45 13574.6
9 5 0 13753.4
9 5 15 14059.4
9 5 30 14042.7
9 5 45 13753.4
9 5 0 14622.9
9 5 15 14652.4
9 5 30 14948.2
9 5 45 14930.5
9 5 0 16160.2
9 5 15 16141
9 5 30 15808.5
9 5 45 15840.5
9 5 0 17129.8
9 5 15 17109.5
9 5 30 16790.9
9 5 45 16757
9 5 0 17674.4
9 5 15 17310.3
9 5 30 17345.3
9 5 45 17695.4
9 5 0 17857
9 5 15 17503.7
9 5 30 17468.4
9 5 45 17835.8
9 5 0 16968.2
9 5 15 16632.5
9 5 30 16948.1
9 5 45 16598.9
9 5 0 17776.2
9 5 15 17424.5
9 5 30 17755.1
9 5 45 17389.3
9 5 0 18180.2
9 5 15 17784.6
9 5 30 17820.5
9 5 45 18158.7
9 5 0 18099.4
9 5 15 17741.3
9 5 30 18078
9 5 45 17705.5
9 5 0 17709.6
9 5 15 17673.9
9 5 30 18045.7
9 5 45 18067.1
9 5 0 17593.7
9 5 15 17614.6
9 5 30 17231.3
9 5 45 17231.3
9 5 0 17647
9 5 15 17262.9
9 5 30 17626
9 5 45 17297.8
9 5 0 17824.7
9 5 15 17803.6
9 5 30 17472
9 5 45 17824.7
9 5 0 17107.7
9 5 15 17432.3
9 5 30 17073.2
9 5 45 17453
9 5 0 16948.1
9 5 15 16632.5
9 5 30 16968.2
9 5 45 16598.9
9 5 0 16302.4
9 5 15 16321.8
9 5 30 15966.6
9 5 45 15998.9
9 5 0 15206.9
9 5 15 15513.8
9 5 30 15495.4
9 5 45 15176.2
