9 29 0 13351.2
9 29 15 13087
9 29 30 13060.6
9 29 45 13335.3
9 29 0 12751.1
9 29 15 12473.6
9 29 30 12736
9 29 45 12751.1
9 29 0 12131.2
9 29 15 12361.4
9 29 30 12106.7
9 29 45 12131.2
9 29 0 12033.4
9 29 15 12301.1
9 29 30 12057.7
9 29 45 12057.7
9 29 0 12361.4
9 29 15 12131.2
9 29 30 12376.1
9 29 45 12361.4
9 29 0 12586.2
9 29 15 12351.8
9 29 30 12601.1
9 29 45 12586.2
9 29 0 13035.7
9 29 15 12767.1
9 29 30 13051.2
9 29 45 13051.2
9 29 0 13601.7
9 29 15 13574.2
9 29 30 13876.2
9 29 45 13574.2
9 29 0 14674.8
9 29 15 14983.5
9 29 30 14674.8
9 29 45 14674.8
9 29 0 15901.4
9 29 15 15555.3
9 29 30 15586.8
9 29 45 15586.8
9 29 0 16068.9
9 29 15 16426.5
9 29 30 16101.4
9 29 45 16101.4
9 29 0 16215.7
9 29 15 16248.5
9 29 30 16556.8
9 29 45 16576.5
9 29 0 15751.4
9 29 15 15408.6
9 29 30 15732.7
9 29 45 15439.7
9 29 0 16142.3
9 29 15 16481.9
9 29 30 16481.9
9 29 45 16175
9 29 0 16509.2
9 29 15 16876.5
9 29 30 16856.5
9 29 45 16876.5
9 29 0 16801.5
9 29 15 16781.6
9 29 30 16435.8
9 29 45 16469.1
9 29 0 16751.6
9 29 15 16771.5
9 29 30 16439.7
9 29 45 16406.5
9 29 0 16027.9
9 29 15 15995.6
9 29 30 16351.5
9 29 45 16332
9 29 0 16381.5
9 29 15 16362
9 29 30 16057.3
9 29 45 16024.9
9 29 0 16219.1
9 29 15 16526.8
9 29 30 16186.3
9 29 45 16546.5
9 29 0 15848.8
9 29 15 16201.4
9 29 30 16182.2
9 29 45 15880.9
9 29 0 15732.7
9 29 15 15751.4
9 29 30 15439.7
9 29 45 15408.6
9 29 0 14851.6
9 29 15 15133.4
9 29 30 15151.4
9 29 45 14821.6
9 29 0 14116.3
9 29 15 14401.3
9 29 30 14384.2
9 29 45 14087.8
