4 28 0 14343.9
4 28 15 14343.9
4 28 30 14663.1
4 28 45 14372.9
4 28 0 13848.9
4 28 15 13821
4 28 30 14128.5
4 28 45 13848.9
4 28 0 13175.2
4 28 15 13425.2
4 28 30 13148.6
4 28 45 13441.1
4 28 0 13073.9
4 28 15 13364.8
4 28 30 13100.3
4 28 45 13348.9
4 28 0 13447.4
4 28 15 13746.6
4 28 30 13730.3
4 28 45 13474.6
4 28 0 14128.5
4 28 15 14111.7
4 28 30 13848.9
4 28 45 14111.7
4 28 0 14739.4
4 28 15 14721.9
4 28 30 14418.6
4 28 45 14418.6
4 28 0 15274
4 28 15 14941.6
4 28 30 14971.8
4 28 45 15255.9
4 28 0 15637.3
4 28 15 15655.9
4 28 30 15346.1
4 28 45 15315.1
4 28 0 15688.7
4 28 15 15720.4
4 28 30 16037.7
4 28 45 16018.7
4 28 0 15838.1
4 28 15 16171.2
4 28 30 15870.1
4 28 45 16190.5
4 28 0 15688.7
4 28 15 16018.7
4 28 30 16037.7
4 28 45 15720.4
4 28 0 14672.4
4 28 15 14642.7
4 28 30 14950.8
4 28 45 14968.5
4 28 0 14941.6
4 28 15 15274
4 28 30 14971.8
4 28 45 15255.9
4 28 0 15655.9
4 28 15 15637.3
4 28 30 15315.1
4 28 45 15346.1
4 28 0 15885
4 28 15 15539.2
4 28 30 15866.1
4 28 45 15570.7
4 28 0 15885
4 28 15 15866.1
4 28 30 15570.7
4 28 45 15539.2
4 28 0 15655.9
4 28 15 15346.1
4 28 30 15315.1
4 28 45 15637.3
4 28 0 15271.2
4 28 15 15579.5
4 28 30 15561
4 28 45 15561
4 28 0 15795.2
4 28 15 15763.4
4 28 30 16114.1
4 28 45 16114.1
4 28 0 15720.4
4 28 15 16037.7
4 28 30 15688.7
4 28 45 15688.7
4 28 0 15808.6
4 28 15 15789.8
4 28 30 15464.5
4 28 45 15495.8
4 28 0 16018.7
4 28 15 16037.7
4 28 30 15720.4
4 28 45 15688.7
4 28 0 15495.8
4 28 15 15789.8
4 28 30 15464.5
4 28 45 15808.6
