4 1 0 13863.8
4 1 15 13578.1
4 1 30 13880.2
4 1 45 13880.2
4 1 0 13374.2
4 1 15 13109.6
4 1 30 13109.6
4 1 45 13358.3
4 1 0 12471.8
4 1 15 12723.6
4 1 30 12708.5
4 1 45 12446.6
4 1 0 12651.3
4 1 15 12636.2
4 1 30 12400.9
4 1 45 12375.9
4 1 0 12755.3
4 1 15 12729.5
4 1 30 12997.3
4 1 45 13012.7
4 1 0 13109.6
4 1 15 13083.1
4 1 30 13358.3
4 1 45 13374.2
4 1 0 13936
4 1 15 13676.5
4 1 30 13952.5
4 1 45 13648.9
4 1 0 14172.5
4 1 15 14441.4
4 1 30 14458.6
4 1 45 14143.9
4 1 0 14497.5
4 1 15 14526.8
4 1 30 14820.1
4 1 45 14802.5
4 1 0 15163.5
4 1 15 14881.1
4 1 30 14851.1
4 1 45 14851.1
4 1 0 14992.5
4 1 15 15326.1
4 1 30 15307.9
4 1 45 15022.9
4 1 0 15163.5
4 1 15 14881.1
4 1 30 15181.5
4 1 45 15163.5
4 1 0 13861
4 1 15 13889.1
4 1 30 14152.6
4 1 45 13861
4 1 0 14441.4
4 1 15 14458.6
4 1 30 14143.9
4 1 45 14172.5
4 1 0 14820.1
4 1 15 14802.5
4 1 30 14526.8
4 1 45 14497.5
4 1 0 14739.4
4 1 15 15019.1
4 1 30 15036.9
4 1 45 14709.7
4 1 0 14739.4
4 1 15 14709.7
4 1 30 15036.9
4 1 45 15036.9
4 1 0 14497.5
4 1 15 14802.5
4 1 30 14820.1
4 1 45 14526.8
4 1 0 14456
4 1 15 14730.3
4 1 30 14747.8
4 1 45 14426.8
4 1 0 15253.8
4 1 15 15235.7
4 1 30 14952
4 1 45 14952
4 1 0 14881.1
4 1 15 14851.1
4 1 30 15163.5
4 1 45 15181.5
4 1 0 14668.5
4 1 15 14946.9
4 1 30 14964.6
4 1 45 14638.9
4 1 0 15181.5
4 1 15 14881.1
4 1 30 14851.1
4 1 45 15163.5
4 1 0 14946.9
4 1 15 14638.9
4 1 30 14964.6
4 1 45 14946.9
