4 15 0 13833.6
4 15 15 14141.3
4 15 30 14124.6
4 15 45 14124.6
4 15 0 13609.6
4 15 15 13356.2
4 15 30 13356.2
4 15 45 13329.2
4 15 0 12947.5
4 15 15 12962.9
4 15 30 12706.4
4 15 45 12962.9
4 15 0 12634.2
4 15 15 12889.2
4 15 30 12889.2
4 15 45 12634.2
4 15 0 13257.5
4 15 15 12995.2
4 15 30 12969
4 15 45 13241.8
4 15 0 13356.2
4 15 15 13609.6
4 15 30 13329.2
4 15 45 13609.6
4 15 0 13905.6
4 15 15 13933.7
4 15 30 14215
4 15 45 14198.1
4 15 0 14439.1
4 15 15 14730.6
4 15 30 14410
4 15 45 14713.1
4 15 0 14800.1
4 15 15 15098.8
4 15 30 15080.9
4 15 45 14770.2
4 15 0 15448.7
4 15 15 15161.1
4 15 30 15130.5
4 15 45 15130.5
4 15 0 15305.5
4 15 15 15274.6
4 15 30 15614.4
4 15 45 15595.9
4 15 0 15130.5
4 15 15 15161.1
4 15 30 15467.1
4 15 45 15448.7
4 15 0 14436
4 15 15 14121.8
4 15 30 14418.8
4 15 45 14150.3
4 15 0 14713.1
4 15 15 14730.6
4 15 30 14439.1
4 15 45 14410
4 15 0 15080.9
4 15 15 15098.8
4 15 30 14770.2
4 15 45 14800.1
4 15 0 14986.4
4 15 15 15016.7
4 15 30 15319.8
4 15 45 15301.6
4 15 0 15016.7
4 15 15 15301.6
4 15 30 14986.4
4 15 45 15319.8
4 15 0 15080.9
4 15 15 14770.2
4 15 30 14800.1
4 15 45 15098.8
4 15 0 15007.3
4 15 15 14698.2
4 15 30 15025.2
4 15 45 14727.9
4 15 0 15233.3
4 15 15 15202.5
4 15 30 15540.7
4 15 45 15522.3
4 15 0 15448.7
4 15 15 15161.1
4 15 30 15130.5
4 15 45 15467.1
4 15 0 14944.5
4 15 15 14914.3
4 15 30 15246.1
4 15 45 15228
4 15 0 15448.7
4 15 15 15161.1
4 15 30 15130.5
4 15 45 15467.1
4 15 0 15246.1
4 15 15 15228
4 15 30 14914.3
4 15 45 14944.5
