4 11 0 14929
4 11 15 14898.9
4 11 30 15212.3
4 11 45 14898.9
4 11 0 14384.7
4 11 15 14675.1
4 11 30 14384.7
4 11 45 14355.7
4 11 0 13684.9
4 11 15 13657.3
4 11 30 13961.2
4 11 45 13944.6
4 11 0 13607.2
4 11 15 13865.4
4 11 30 13579.7
4 11 45 13881.9
4 11 0 14261.5
4 11 15 14278.5
4 11 30 14261.5
4 11 45 13967.7
4 11 0 14675.1
4 11 15 14657.7
4 11 30 14384.7
4 11 45 14384.7
4 11 0 15309.7
4 11 15 15006.8
4 11 30 15291.5
4 11 45 14976.5
4 11 0 15846.2
4 11 15 15865
4 11 30 15551.1
4 11 45 15519.7
4 11 0 15939.9
4 11 15 16242.3
4 11 30 15907.7
4 11 45 16261.6
4 11 0 16328.6
4 11 15 16638.5
4 11 30 16658.2
4 11 45 16658.2
4 11 0 16450.9
4 11 15 16796.9
4 11 30 16484.1
4 11 45 16816.9
4 11 0 16295.7
4 11 15 16658.2
4 11 30 16638.5
4 11 45 16328.6
4 11 0 15529.2
4 11 15 15209.3
4 11 30 15240.1
4 11 45 15547.7
4 11 0 15865
4 11 15 15846.2
4 11 30 15519.7
4 11 45 15519.7
4 11 0 16242.3
4 11 15 16261.6
4 11 30 15907.7
4 11 45 15939.9
4 11 0 16173.1
4 11 15 16480
4 11 30 16499.6
4 11 45 16140.5
4 11 0 16173.1
4 11 15 16499.6
4 11 30 16480
4 11 45 16173.1
4 11 0 16242.3
4 11 15 15939.9
4 11 30 16261.6
4 11 45 15907.7
4 11 0 16182.3
4 11 15 16163.1
4 11 30 15862.1
4 11 45 15830.1
4 11 0 16406.4
4 11 15 16737.6
4 11 30 16717.7
4 11 45 16373.3
4 11 0 16658.2
4 11 15 16328.6
4 11 30 16295.7
4 11 45 16638.5
4 11 0 16062.9
4 11 15 16095.4
4 11 30 16420.3
4 11 45 16400.8
4 11 0 16658.2
4 11 15 16295.7
4 11 30 16638.5
4 11 45 16328.6
4 11 0 16420.3
4 11 15 16400.8
4 11 30 16095.4
4 11 45 16062.9
