4 13 0 14815.4
4 13 15 14797.8
4 13 30 14522.2
4 13 45 14492.9
4 13 0 13992.8
4 13 15 13964.5
4 13 30 13992.8
4 13 45 14275.2
4 13 0 13564.6
4 13 15 13312
4 13 30 13580.7
4 13 45 13285.2
4 13 0 13487.6
4 13 15 13209.7
4 13 30 13503.6
4 13 45 13236.4
4 13 0 13614.6
4 13 15 13889.4
4 13 30 13587.1
4 13 45 13872.9
4 13 0 13992.8
4 13 15 13964.5
4 13 30 14258.3
4 13 45 13964.5
4 13 0 14874.8
4 13 15 14892.5
4 13 30 14597.9
4 13 45 14568.4
4 13 0 15096.8
4 13 15 15127.3
4 13 30 15414.3
4 13 45 15432.7
4 13 0 15474.2
4 13 15 15818.5
4 13 30 15505.5
4 13 45 15799.7
4 13 0 15851.6
4 13 15 16204.3
4 13 30 16185.1
4 13 45 15883.7
4 13 0 16358.6
4 13 15 16034.9
4 13 30 16339.2
4 13 45 16002.6
4 13 0 15883.7
4 13 15 16185.1
4 13 30 15851.6
4 13 45 16204.3
4 13 0 15124
4 13 15 15106.1
4 13 30 14824.8
4 13 45 14794.8
4 13 0 15432.7
4 13 15 15414.3
4 13 30 15096.8
4 13 45 15127.3
4 13 0 15818.5
4 13 15 15505.5
4 13 30 15474.2
4 13 45 15799.7
4 13 0 16050
4 13 15 15700.6
4 13 30 16030.9
4 13 45 15732.4
4 13 0 15700.6
4 13 15 15732.4
4 13 30 16050
4 13 45 16050
4 13 0 15799.7
4 13 15 15474.2
4 13 30 15505.5
4 13 45 15818.5
4 13 0 15741.3
4 13 15 15722.6
4 13 30 15429.9
4 13 45 15398.7
4 13 0 16262.1
4 13 15 15959.3
4 13 30 16281.5
4 13 45 15927.1
4 13 0 15851.6
4 13 15 15883.7
4 13 30 16185.1
4 13 45 16204.3
4 13 0 15953.8
4 13 15 15625.2
4 13 30 15656.8
4 13 45 15972.8
4 13 0 16185.1
4 13 15 15883.7
4 13 30 16204.3
4 13 45 15851.6
4 13 0 15656.8
4 13 15 15972.8
4 13 30 15953.8
4 13 45 15625.2
