4 7 0 14810.1
4 7 15 14810.1
4 7 30 14780.2
4 7 45 14780.2
4 7 0 14270.2
4 7 15 14241.4
4 7 30 14558.2
4 7 45 14541
4 7 0 13548.6
4 7 15 13850
4 7 30 13833.6
4 7 45 13833.6
4 7 0 13755
4 7 15 13771.3
4 7 30 13471.6
4 7 45 13755
4 7 0 14148
4 7 15 13856.5
4 7 30 13884.5
4 7 45 13884.5
4 7 0 14541
4 7 15 14241.4
4 7 30 14270.2
4 7 45 14558.2
4 7 0 15187.8
4 7 15 15169.8
4 7 30 14857.2
4 7 45 14887.3
4 7 0 15396.1
4 7 15 15738.6
4 7 30 15427.2
4 7 45 15720
4 7 0 15781
4 7 15 16113
4 7 30 16132.1
4 7 45 15812.9
4 7 0 16506
4 7 15 16165.9
4 7 30 16525.6
4 7 45 16198.6
4 7 0 16683
4 7 15 16663.1
4 7 30 16663.1
4 7 45 16683
4 7 0 16525.6
4 7 15 16198.6
4 7 30 16165.9
4 7 45 16506
4 7 0 15405.6
4 7 15 15423.9
4 7 30 15118.7
4 7 45 15088.2
4 7 0 15720
4 7 15 15427.2
4 7 30 15738.6
4 7 45 15396.1
4 7 0 16132.1
4 7 15 15812.9
4 7 30 16113
4 7 45 15781
4 7 0 16348.8
4 7 15 16368.2
4 7 30 16011.9
4 7 45 16044.3
4 7 0 16348.8
4 7 15 16011.9
4 7 30 16368.2
4 7 45 16044.3
4 7 0 16132.1
4 7 15 15781
4 7 30 16113
4 7 45 15781
4 7 0 16053.4
4 7 15 16034.4
4 7 30 15735.8
4 7 45 15704
4 7 0 16242.9
4 7 15 16604.3
4 7 30 16584.6
4 7 45 16275.7
4 7 0 16506
4 7 15 16165.9
4 7 30 16525.6
4 7 45 16198.6
4 7 0 16289.5
4 7 15 15934.9
4 7 30 16270.2
4 7 45 15967.2
4 7 0 16525.6
4 7 15 16165.9
4 7 30 16506
4 7 45 16198.6
4 7 0 16289.5
4 7 15 15967.2
4 7 30 16270.2
4 7 45 15934.9
