4 6 0 15820.9
4 6 15 15802.1
4 6 30 15802.1
4 6 45 15507.9
4 6 0 14942.5
4 6 15 14912.3
4 6 30 15226
4 6 45 15244.1
4 6 0 14186.8
4 6 15 14215.5
4 6 30 14485.3
4 6 45 14502.5
4 6 0 14420.1
4 6 15 14106.2
4 6 30 14134.8
4 6 45 14106.2
4 6 0 14814.5
4 6 15 14509.3
4 6 30 14814.5
4 6 45 14832.1
4 6 0 14912.3
4 6 15 14942.5
4 6 30 15244.1
4 6 45 14912.3
4 6 0 15884.4
4 6 15 15903.3
4 6 30 15557.2
4 6 45 15884.4
4 6 0 16480.1
4 6 15 16460.5
4 6 30 16154
4 6 45 16121.4
4 6 0 16557.9
4 6 15 16872
4 6 30 16892.1
4 6 45 16557.9
4 6 0 16927.5
4 6 15 17283.6
4 6 30 17304.1
4 6 45 16961.7
4 6 0 17088.7
4 6 15 17448.2
4 6 30 17123.3
4 6 45 17468.9
4 6 0 17304.1
4 6 15 16961.7
4 6 30 16927.5
4 6 45 17283.6
4 6 0 15799
4 6 15 16150.5
4 6 30 16131.3
4 6 45 15830.9
4 6 0 16480.1
4 6 15 16121.4
4 6 30 16460.5
4 6 45 16154
4 6 0 16892.1
4 6 15 16557.9
4 6 30 16524.4
4 6 45 16872
4 6 0 16766.3
4 6 15 16800.2
4 6 30 17118.9
4 6 45 17139.3
4 6 0 16800.2
4 6 15 17139.3
4 6 30 16766.3
4 6 45 17118.9
4 6 0 16524.4
4 6 15 16892.1
4 6 30 16872
4 6 45 16557.9
4 6 0 16789.7
4 6 15 16477.1
4 6 30 16809.7
4 6 45 16443.8
4 6 0 17008.1
4 6 15 17365.9
4 6 30 17042.5
4 6 45 17386.5
4 6 0 16961.7
4 6 15 17304.1
4 6 30 17283.6
4 6 45 16927.5
4 6 0 16719.4
4 6 15 17036.6
4 6 30 16685.7
4 6 45 17056.9
4 6 0 17283.6
4 6 15 16961.7
4 6 30 16927.5
4 6 45 17304.1
4 6 0 16719.4
4 6 15 16685.7
4 6 30 17036.6
4 6 45 17056.9
