4 24 0 14355.7
4 24 15 14384.7
4 24 30 14675.1
4 24 45 14384.7
4 24 0 13832.3
4 24 15 13860.3
4 24 30 14123.3
4 24 45 13832.3
4 24 0 13159.4
4 24 15 13452.2
4 24 30 13186
4 24 45 13436.2
4 24 0 13111.1
4 24 15 13084.6
4 24 30 13375.7
4 24 45 13359.9
4 24 0 13741.6
4 24 15 13485.7
4 24 30 13757.9
4 24 45 13741.6
4 24 0 13860.3
4 24 15 14140.1
4 24 30 14140.1
4 24 45 13832.3
4 24 0 14430.5
4 24 15 14734
4 24 30 14751.5
4 24 45 14459.6
4 24 0 14984.1
4 24 15 15268.4
4 24 30 15286.6
4 24 45 15268.4
4 24 0 15668.7
4 24 15 15327.7
4 24 30 15358.7
4 24 45 15327.7
4 24 0 16031.8
4 24 15 15733.3
4 24 30 15701.5
4 24 45 16031.8
4 24 0 16184.5
4 24 15 15883.1
4 24 30 16203.7
4 24 45 15851.1
4 24 0 15701.5
4 24 15 15733.3
4 24 30 16031.8
4 24 45 16050.9
4 24 0 14684.4
4 24 15 14963
4 24 30 14654.8
4 24 45 14980.8
4 24 0 15268.4
4 24 15 14953.8
4 24 30 15286.6
4 24 45 14984.1
4 24 0 15668.7
4 24 15 15358.7
4 24 30 15650.1
4 24 45 15327.7
4 24 0 15879.1
4 24 15 15583.5
4 24 30 15898
4 24 45 15552
4 24 0 15879.1
4 24 15 15583.5
4 24 30 15898
4 24 45 15552
4 24 0 15668.7
4 24 15 15358.7
4 24 30 15650.1
4 24 45 15327.7
4 24 0 15283.8
4 24 15 15592.3
4 24 30 15252.9
4 24 45 15573.8
4 24 0 15808.2
4 24 15 16127.3
4 24 30 15776.3
4 24 45 16108.2
4 24 0 15701.5
4 24 15 16031.8
4 24 30 15733.3
4 24 45 16050.9
4 24 0 15821.6
4 24 15 15508.5
4 24 30 15477.2
4 24 45 15802.8
4 24 0 16031.8
4 24 15 15701.5
4 24 30 16050.9
4 24 45 15733.3
4 24 0 15508.5
4 24 15 15477.2
4 24 30 15821.6
4 24 45 15802.8
