4 4 0 14910.7
4 4 15 14910.7
4 4 30 14940.8
4 4 45 15224.3
4 4 0 14396.1
4 4 15 14669.3
4 4 30 14669.3
4 4 45 14396.1
4 4 0 13972.2
4 4 15 13668.1
4 4 30 13972.2
4 4 45 13695.7
4 4 0 13617.9
4 4 15 13590.4
4 4 30 13892.8
4 4 45 13590.4
4 4 0 14007
4 4 15 14289.8
4 4 30 14272.8
4 4 45 13978.7
4 4 0 14669.3
4 4 15 14686.7
4 4 30 14367
4 4 45 14396.1
4 4 0 14988.3
4 4 15 15303.6
4 4 30 15018.6
4 4 45 15321.8
4 4 0 15877.5
4 4 15 15531.9
4 4 30 15563.3
4 4 45 15858.7
4 4 0 16255.1
4 4 15 16274.4
4 4 30 15920.2
4 4 45 15952.4
4 4 0 16671.4
4 4 15 16341.5
4 4 30 16308.5
4 4 45 16651.6
4 4 0 16497.1
4 4 15 16830.2
4 4 30 16810.2
4 4 45 16463.8
4 4 0 16308.5
4 4 15 16651.6
4 4 30 16671.4
4 4 45 16341.5
4 4 0 15252.1
4 4 15 15541.5
4 4 30 15541.5
4 4 45 15560
4 4 0 15877.5
4 4 15 15563.3
4 4 30 15858.7
4 4 45 15531.9
4 4 0 15952.4
4 4 15 16274.4
4 4 30 16255.1
4 4 45 15920.2
4 4 0 16493
4 4 15 16512.6
4 4 30 16153.2
4 4 45 16185.9
4 4 0 16493
4 4 15 16153.2
4 4 30 16185.9
4 4 45 16512.6
4 4 0 15952.4
4 4 15 16274.4
4 4 30 15920.2
4 4 45 16255.1
4 4 0 15842.6
4 4 15 16195.1
4 4 30 15874.6
4 4 45 16175.8
4 4 0 16386.2
4 4 15 16730.9
4 4 30 16750.8
4 4 45 16419.3
4 4 0 16341.5
4 4 15 16308.5
4 4 30 16651.6
4 4 45 16671.4
4 4 0 16108.1
4 4 15 16075.5
4 4 30 16433.2
4 4 45 16413.7
4 4 0 16651.6
4 4 15 16308.5
4 4 30 16341.5
4 4 45 16671.4
4 4 0 16433.2
4 4 15 16108.1
4 4 30 16413.7
4 4 45 16075.5
