4 8 0 12854.1
4 8 15 13098
4 8 30 13098
4 8 45 12854.1
4 8 0 12385.5
4 8 15 12620.5
4 8 30 12635.5
4 8 45 12635.5
4 8 0 11759.2
4 8 15 11783
4 8 30 12020.8
4 8 45 12020.8
4 8 0 11692.4
4 8 15 11938.3
4 8 30 11952.5
4 8 45 11716
4 8 0 12026.4
4 8 15 12279.4
4 8 30 12279.4
4 8 45 12050.7
4 8 0 12635.5
4 8 15 12620.5
4 8 30 12360.5
4 8 45 12360.5
4 8 0 12921.1
4 8 15 13181.9
4 8 30 13181.9
4 8 45 12895
4 8 0 13660
4 8 15 13362.7
4 8 30 13389.7
4 8 45 13643.8
4 8 0 14001.5
4 8 15 13724.5
4 8 30 13984.9
4 8 45 13696.8
4 8 0 14343
4 8 15 14030.8
4 8 30 14326
4 8 45 14059.2
4 8 0 14164.5
4 8 15 14193.1
4 8 30 14462.4
4 8 45 14479.6
4 8 0 14030.8
4 8 15 14343
4 8 30 14326
4 8 45 14059.2
4 8 0 13121.9
4 8 15 13095.4
4 8 30 13386.8
4 8 45 13370.9
4 8 0 13389.7
4 8 15 13362.7
4 8 30 13660
4 8 45 13643.8
4 8 0 14001.5
4 8 15 13696.8
4 8 30 13984.9
4 8 45 13724.5
4 8 0 14189.5
4 8 15 13897.2
4 8 30 13925.3
4 8 45 13925.3
4 8 0 14206.4
4 8 15 13897.2
4 8 30 13925.3
4 8 45 14189.5
4 8 0 13696.8
4 8 15 14001.5
4 8 30 13724.5
4 8 45 13984.9
4 8 0 13933.2
4 8 15 13629.9
4 8 30 13657.5
4 8 45 13916.7
4 8 0 14097.6
4 8 15 14394.2
4 8 30 14126.2
4 8 45 14411.3
4 8 0 14343
4 8 15 14059.2
4 8 30 14326
4 8 45 14030.8
4 8 0 13830.4
4 8 15 14121.3
4 8 30 13858.4
4 8 45 14138.1
4 8 0 14343
4 8 15 14059.2
4 8 30 14326
4 8 45 14030.8
4 8 0 13830.4
4 8 15 13858.4
4 8 30 14138.1
4 8 45 14121.3
