4 25 0 14755.2
4 25 15 15035.2
4 25 30 14725.4
4 25 45 15053.1
4 25 0 14217.3
4 25 15 14188.6
4 25 30 14188.6
4 25 45 14487
4 25 0 13798.6
4 25 15 13525.6
4 25 30 13782.3
4 25 45 13782.3
4 25 0 13421.6
4 25 15 13720.2
4 25 30 13704
4 25 45 13448.8
4 25 0 13805.1
4 25 15 14095.5
4 25 30 13833
4 25 45 14112.3
4 25 0 14217.3
4 25 15 14487
4 25 30 14188.6
4 25 45 14504.3
4 25 0 14832.1
4 25 15 14802.1
4 25 30 15131.5
4 25 45 15131.5
4 25 0 15680.3
4 25 15 15370
4 25 30 15339
4 25 45 15339
4 25 0 16053.2
4 25 15 15722.5
4 25 30 16072.3
4 25 45 15754.3
4 25 0 16464.3
4 25 15 16138.5
4 25 30 16444.7
4 25 45 16105.9
4 25 0 16621.1
4 25 15 16601.4
4 25 30 16292.2
4 25 45 16292.2
4 25 0 16138.5
4 25 15 16105.9
4 25 30 16444.7
4 25 45 16464.3
4 25 0 15366.7
4 25 15 15032.2
4 25 30 15348.4
4 25 45 15062.6
4 25 0 15661.7
4 25 15 15370
4 25 30 15680.3
4 25 45 15339
4 25 0 16053.2
4 25 15 15722.5
4 25 30 15754.3
4 25 45 16072.3
4 25 0 16288.1
4 25 15 16307.5
4 25 30 15984.8
4 25 45 15952.6
4 25 0 15952.6
4 25 15 16288.1
4 25 30 16307.5
4 25 45 15984.8
4 25 0 15754.3
4 25 15 16072.3
4 25 30 15722.5
4 25 45 16053.2
4 25 0 15645.8
4 25 15 15993.9
4 25 30 15974.9
4 25 45 15677.4
4 25 0 16542.7
4 25 15 16523.1
4 25 30 16523.1
4 25 45 16182.6
4 25 0 16444.7
4 25 15 16105.9
4 25 30 16464.3
4 25 45 16138.5
4 25 0 16229.1
4 25 15 16209.8
4 25 30 15908
4 25 45 15875.9
4 25 0 16464.3
4 25 15 16138.5
4 25 30 16105.9
4 25 45 16444.7
4 25 0 16209.8
4 25 15 16229.1
4 25 30 15908
4 25 45 15875.9
