4 27 0 14659.2
4 27 15 14340.2
4 27 30 14369.2
4 27 45 14641.8
4 27 0 13845.3
4 27 15 13817.3
4 27 30 14124.8
4 27 45 14108
4 27 0 13437.6
4 27 15 13421.7
4 27 30 13171.7
4 27 45 13145.2
4 27 0 13096.9
4 27 15 13361.3
4 27 30 13070.5
4 27 45 13070.5
4 27 0 13443.9
4 27 15 13743
4 27 30 13471.1
4 27 45 13726.7
4 27 0 13845.3
4 27 15 14108
4 27 30 14124.8
4 27 45 14124.8
4 27 0 14735.6
4 27 15 14444
4 27 30 14414.9
4 27 45 14718.1
4 27 0 15270
4 27 15 14937.7
4 27 30 14967.9
4 27 45 15251.9
4 27 0 15633.2
4 27 15 15311.1
4 27 30 15651.8
4 27 45 15342.1
4 27 0 16014.5
4 27 15 16033.5
4 27 30 16014.5
4 27 45 15684.6
4 27 0 16167
4 27 15 16186.2
4 27 30 15866
4 27 45 15866
4 27 0 15684.6
4 27 15 15716.3
4 27 30 16014.5
4 27 45 16033.5
4 27 0 14964.6
4 27 15 14638.9
4 27 30 14946.9
4 27 45 14668.5
4 27 0 14967.9
4 27 15 15251.9
4 27 30 15270
4 27 45 14937.7
4 27 0 15651.8
4 27 15 15311.1
4 27 30 15342.1
4 27 45 15311.1
4 27 0 15880.8
4 27 15 15535.2
4 27 30 15862
4 27 45 15566.6
4 27 0 15566.6
4 27 15 15535.2
4 27 30 15880.8
4 27 45 15862
4 27 0 15342.1
4 27 15 15651.8
4 27 30 15633.2
4 27 45 15342.1
4 27 0 15267.2
4 27 15 15575.4
4 27 30 15556.9
4 27 45 15236.4
4 27 0 16109.9
4 27 15 15791.1
4 27 30 16090.8
4 27 45 15759.2
4 27 0 16033.5
4 27 15 15684.6
4 27 30 16014.5
4 27 45 15716.3
4 27 0 15491.8
4 27 15 15785.7
4 27 30 15460.5
4 27 45 15804.5
4 27 0 15684.6
4 27 15 15716.3
4 27 30 16014.5
4 27 45 16033.5
4 27 0 15785.7
4 27 15 15460.5
4 27 30 15804.5
4 27 45 15491.8
