4 19 0 14552.1
4 19 15 14235.3
4 19 30 14552.1
4 19 45 14264.1
4 19 0 13716.3
4 19 15 14021.5
4 19 30 13716.3
4 19 45 13744.1
4 19 0 13049.1
4 19 15 13075.4
4 19 30 13323.5
4 19 45 13323.5
4 19 0 13263.6
4 19 15 13001.2
4 19 30 12974.9
4 19 45 13247.8
4 19 0 13372.6
4 19 15 13345.6
4 19 30 13642.6
4 19 45 13642.6
4 19 0 13744.1
4 19 15 13716.3
4 19 30 14021.5
4 19 45 14004.9
4 19 0 14627.8
4 19 15 14610.5
4 19 30 14309.5
4 19 45 14338.4
4 19 0 14828.5
4 19 15 15140.4
4 19 30 14858.5
4 19 45 15140.4
4 19 0 15537.3
4 19 15 15518.9
4 19 30 15199.2
4 19 45 15229.9
4 19 0 15601.4
4 19 15 15897.4
4 19 30 15916.3
4 19 45 15897.4
4 19 0 15718.2
4 19 15 15750
4 19 30 16048.8
4 19 45 15750
4 19 0 15569.9
4 19 15 15916.3
4 19 30 15897.4
4 19 45 15601.4
4 19 0 14531.9
4 19 15 14561.3
4 19 30 14855.2
4 19 45 14837.6
4 19 0 14858.5
4 19 15 15140.4
4 19 30 15158.4
4 19 45 14828.5
4 19 0 15229.9
4 19 15 15199.2
4 19 30 15518.9
4 19 45 15537.3
4 19 0 15764.7
4 19 15 15764.7
4 19 30 15746
4 19 45 15746
4 19 0 15746
4 19 15 15764.7
4 19 30 15452.8
4 19 45 15421.6
4 19 0 15199.2
4 19 15 15518.9
4 19 30 15229.9
4 19 45 15199.2
4 19 0 15461.6
4 19 15 15155.6
4 19 30 15125
4 19 45 15443.2
4 19 0 15644
4 19 15 15973.1
4 19 30 15992.1
4 19 45 15675.7
4 19 0 15601.4
4 19 15 15897.4
4 19 30 15569.9
4 19 45 15916.3
4 19 0 15347.5
4 19 15 15378.5
4 19 30 15688.9
4 19 45 15688.9
4 19 0 15569.9
4 19 15 15601.4
4 19 30 15897.4
4 19 45 15916.3
4 19 0 15347.5
4 19 15 15670.3
4 19 30 15378.5
4 19 45 15688.9
