4 30 0 12241.5
4 30 15 12513.8
4 30 30 12241.5
4 30 45 12266.2
4 30 0 11795.2
4 30 15 12057.6
4 30 30 11819
4 30 45 11819
4 30 0 11457.4
4 30 15 11221.3
4 30 30 11244
4 30 45 11471
4 30 0 11405.8
4 30 15 11180.1
4 30 30 11392.3
4 30 45 11392.3
4 30 0 11476.4
4 30 15 11731.7
4 30 30 11717.8
4 30 45 11499.6
4 30 0 11819
4 30 15 12043.3
4 30 30 12057.6
4 30 45 11795.2
4 30 0 12564.1
4 30 15 12579
4 30 30 12305.2
4 30 45 12330.1
4 30 0 13019.8
4 30 15 12751.5
4 30 30 13035.2
4 30 45 13019.8
4 30 0 13361.1
4 30 15 13345.2
4 30 30 13070.3
4 30 45 13096.7
4 30 0 13687
4 30 15 13389.1
4 30 30 13416.2
4 30 45 13687
4 30 0 13800.9
4 30 15 13817.3
4 30 30 13516.6
4 30 45 13543.9
4 30 0 13389.1
4 30 15 13670.7
4 30 30 13687
4 30 45 13416.2
4 30 0 12774.5
4 30 15 12521.8
4 30 30 12496.5
4 30 45 12759.4
4 30 0 13035.2
4 30 15 13019.8
4 30 30 12751.5
4 30 45 12777.3
4 30 0 13096.7
4 30 15 13345.2
4 30 30 13070.3
4 30 45 13361.1
4 30 0 13261.6
4 30 15 13288.4
4 30 30 13556.6
4 30 45 13540.5
4 30 0 13288.4
4 30 15 13556.6
4 30 30 13261.6
4 30 45 13540.5
4 30 0 13070.3
4 30 15 13345.2
4 30 30 13096.7
4 30 45 13361.1
4 30 0 13032.9
4 30 15 13006.5
4 30 30 13280.1
4 30 45 13295.9
4 30 0 13752.2
4 30 15 13480.1
4 30 30 13735.8
4 30 45 13452.9
4 30 0 13416.2
4 30 15 13687
4 30 30 13670.7
4 30 45 13389.1
4 30 0 13475.4
4 30 15 13491.5
4 30 30 13224.5
4 30 45 13491.5
4 30 0 13416.2
4 30 15 13670.7
4 30 30 13389.1
4 30 45 13687
4 30 0 13475.4
4 30 15 13197.8
4 30 30 13224.5
4 30 45 13491.5
