4 2 0 12751.6
4 2 15 12777.4
4 2 30 13035.3
4 2 45 13019.8
4 2 0 12560
4 2 15 12311.5
4 2 30 12286.7
4 2 45 12545.1
4 2 0 11934.8
4 2 15 11688.9
4 2 30 11949
4 2 45 11712.6
4 2 0 11881.1
4 2 15 11867
4 2 30 11646
4 2 45 11646
4 2 0 11954.6
4 2 15 12220.6
4 2 30 11978.8
4 2 45 12206.1
4 2 0 12560
4 2 15 12286.7
4 2 30 12545.1
4 2 45 12311.5
4 2 0 12818
4 2 15 13087.6
4 2 30 12843.9
4 2 45 13103.2
4 2 0 13562.3
4 2 15 13578.4
4 2 30 13282.9
4 2 45 13309.7
4 2 0 13615
4 2 15 13901.4
4 2 30 13642.5
4 2 45 13917.9
4 2 0 13975.2
4 2 15 14240.4
4 2 30 14257.3
4 2 45 14257.3
4 2 0 14079.9
4 2 15 14108.3
4 2 30 14393.1
4 2 45 14376
4 2 0 13975.2
4 2 15 14240.4
4 2 30 13947
4 2 45 14257.3
4 2 0 13043.6
4 2 15 13017.2
4 2 30 13291
4 2 45 13017.2
4 2 0 13309.7
4 2 15 13578.4
4 2 30 13562.3
4 2 45 13282.9
4 2 0 13917.9
4 2 15 13615
4 2 30 13901.4
4 2 45 13901.4
4 2 0 14121.5
4 2 15 14104.8
4 2 30 13814.2
4 2 45 14121.5
4 2 0 14104.8
4 2 15 14121.5
4 2 30 13814.2
4 2 45 13842.1
4 2 0 13615
4 2 15 13642.5
4 2 30 13917.9
4 2 45 13901.4
4 2 0 13575.9
4 2 15 13833.5
4 2 30 13850
4 2 45 13548.5
4 2 0 14308.2
4 2 15 14041.8
4 2 30 14325.2
4 2 45 14013.4
4 2 0 13947
4 2 15 13975.2
4 2 30 14257.3
4 2 45 13975.2
4 2 0 14037
4 2 15 13747.8
4 2 30 13775.6
4 2 45 14053.7
4 2 0 14240.4
4 2 15 14257.3
4 2 30 13975.2
4 2 45 14240.4
4 2 0 13747.8
4 2 15 13775.6
4 2 30 14037
4 2 45 14053.7
