4 14 0 14716.3
4 14 15 14746.1
4 14 30 15043.7
4 14 45 14716.3
4 14 0 14179.8
4 14 15 14208.5
4 14 30 14478.1
4 14 45 14208.5
4 14 0 13773.7
4 14 15 13490
4 14 30 13773.7
4 14 45 13790.1
4 14 0 13440.4
4 14 15 13711.7
4 14 30 13413.3
4 14 45 13695.5
4 14 0 13796.5
4 14 15 14103.5
4 14 30 13824.4
4 14 45 14086.8
4 14 0 14179.8
4 14 15 14208.5
4 14 30 14478.1
4 14 45 14495.3
4 14 0 15104.1
4 14 15 14822.9
4 14 30 15122.1
4 14 45 14793
4 14 0 15652
4 14 15 15360.5
4 14 30 15670.6
4 14 45 15329.5
4 14 0 16043.3
4 14 15 15712.7
4 14 30 16062.3
4 14 45 15744.5
4 14 0 16454.1
4 14 15 16096
4 14 30 16434.6
4 14 45 16128.5
4 14 0 16610.8
4 14 15 16591.1
4 14 30 16282.1
4 14 45 16591.1
4 14 0 16096
4 14 15 16128.5
4 14 30 16454.1
4 14 45 16454.1
4 14 0 15338.9
4 14 15 15022.9
4 14 30 15357.1
4 14 45 15053.3
4 14 0 15360.5
4 14 15 15652
4 14 30 15329.5
4 14 45 15670.6
4 14 0 15712.7
4 14 15 16043.3
4 14 30 16062.3
4 14 45 15744.5
4 14 0 15974.9
4 14 15 15942.7
4 14 30 16278
4 14 45 16297.4
4 14 0 15974.9
4 14 15 16278
4 14 30 16297.4
4 14 45 15942.7
4 14 0 16062.3
4 14 15 15712.7
4 14 30 15744.5
4 14 45 16043.3
4 14 0 15636.1
4 14 15 15984
4 14 30 15667.7
4 14 45 15965
4 14 0 16532.4
4 14 15 16205.3
4 14 30 16172.6
4 14 45 16512.8
4 14 0 16454.1
4 14 15 16128.5
4 14 30 16096
4 14 45 16434.6
4 14 0 15898.1
4 14 15 16219
4 14 30 15866
4 14 45 16219
4 14 0 16096
4 14 15 16454.1
4 14 30 16434.6
4 14 45 16096
4 14 0 15866
4 14 15 16219
4 14 30 16199.8
4 14 45 15898.1
