4 18 0 14885.1
4 18 15 14885.1
4 18 30 15167.5
4 18 45 15167.5
4 18 0 14342.4
4 18 15 14631.9
4 18 30 14313.5
4 18 45 14313.5
4 18 0 13617.1
4 18 15 13644.7
4 18 30 13920.1
4 18 45 13903.6
4 18 0 13824.6
4 18 15 13539.8
4 18 30 13841
4 18 45 13567.1
4 18 0 13926.6
4 18 15 14236.5
4 18 30 13954.8
4 18 45 14219.6
4 18 0 14631.9
4 18 15 14342.4
4 18 30 14631.9
4 18 45 14614.5
4 18 0 14962.6
4 18 15 15246.5
4 18 30 14932.4
4 18 45 15264.7
4 18 0 15799.5
4 18 15 15505.3
4 18 30 15818.3
4 18 45 15474
4 18 0 16213.7
4 18 15 16194.5
4 18 30 15892.9
4 18 45 15860.9
4 18 0 16589.5
4 18 15 16280.6
4 18 30 16609.2
4 18 45 16247.7
4 18 0 16402.4
4 18 15 16435.6
4 18 30 16747.5
4 18 45 16747.5
4 18 0 16280.6
4 18 15 16247.7
4 18 30 16609.2
4 18 45 16609.2
4 18 0 15195.2
4 18 15 15501.9
4 18 30 15164.5
4 18 45 15164.5
4 18 0 15799.5
4 18 15 15474
4 18 30 15818.3
4 18 45 15818.3
4 18 0 16194.5
4 18 15 16213.7
4 18 30 15860.9
4 18 45 15892.9
4 18 0 16451
4 18 15 16093
4 18 30 16125.5
4 18 45 16431.5
4 18 0 16451
4 18 15 16431.5
4 18 30 16093
4 18 45 16125.5
4 18 0 16194.5
4 18 15 15860.9
4 18 30 15892.9
4 18 45 16213.7
4 18 0 15815.4
4 18 15 15783.5
4 18 30 16115.5
4 18 45 16134.7
4 18 0 16668.5
4 18 15 16688.3
4 18 30 16325.1
4 18 45 16358.1
4 18 0 16609.2
4 18 15 16247.7
4 18 30 16280.6
4 18 45 16589.5
4 18 0 16015.6
4 18 15 16048
4 18 30 16371.9
4 18 45 16352.5
4 18 0 16609.2
4 18 15 16280.6
4 18 30 16247.7
4 18 45 16589.5
4 18 0 16371.9
4 18 15 16048
4 18 30 16015.6
4 18 45 16352.5
