4 17 0 15362.8
4 17 15 15393.8
4 17 30 15685.9
4 17 45 15704.6
4 17 0 15132
4 17 15 14802.7
4 17 30 14832.6
4 17 45 15114.1
4 17 0 14111
4 17 15 14395.9
4 17 30 14082.5
4 17 45 14111
4 17 0 14314.1
4 17 15 14002.5
4 17 30 14297.1
4 17 45 14297.1
4 17 0 14431.7
4 17 15 14723
4 17 30 14705.6
4 17 45 14431.7
4 17 0 14802.7
4 17 15 15114.1
4 17 30 14832.6
4 17 45 15132
4 17 0 15474
4 17 15 15442.8
4 17 30 15767.6
4 17 45 15786.4
4 17 0 16358.9
4 17 15 16339.5
4 17 30 16035.3
4 17 45 16002.9
4 17 0 16767.9
4 17 15 16436.1
4 17 30 16403
4 17 45 16748
4 17 0 16837
4 17 15 16803
4 17 30 17156.5
4 17 45 17176.9
4 17 0 16963.1
4 17 15 17319.9
4 17 30 17340.5
4 17 45 17340.5
4 17 0 17176.9
4 17 15 17156.5
4 17 30 16803
4 17 45 16837
4 17 0 16012.7
4 17 15 16031.8
4 17 30 15714.5
4 17 45 15682.8
4 17 0 16035.3
4 17 15 16002.9
4 17 30 16339.5
4 17 45 16358.9
4 17 0 16436.1
4 17 15 16403
4 17 30 16767.9
4 17 45 16748
4 17 0 16993.1
4 17 15 16643
4 17 30 17013.3
4 17 45 16676.7
4 17 0 16993.1
4 17 15 16676.7
4 17 30 16643
4 17 45 16676.7
4 17 0 16767.9
4 17 15 16748
4 17 30 16436.1
4 17 45 16767.9
4 17 0 16686.1
4 17 15 16666.3
4 17 30 16356
4 17 45 16322.9
4 17 0 17258.7
4 17 15 16917.2
4 17 30 16883
4 17 45 16883
4 17 0 16803
4 17 15 17156.5
4 17 30 17176.9
4 17 45 16803
4 17 0 16931.5
4 17 15 16596.5
4 17 30 16911.4
4 17 45 16563
4 17 0 16837
4 17 15 16803
4 17 30 17156.5
4 17 45 17176.9
4 17 0 16596.5
4 17 15 16563
4 17 30 16911.4
4 17 45 16931.5
