4 23 0 12299.5
4 23 15 12299.5
4 23 30 12573.2
4 23 45 12558.3
4 23 0 12100.4
4 23 15 12114.8
4 23 30 11875.1
4 23 45 11875.1
4 23 0 11274.6
4 23 15 11297.4
4 23 30 11525.4
4 23 45 11525.4
4 23 0 11210.5
4 23 15 11446.3
4 23 30 11459.9
4 23 45 11233.2
4 23 0 11530.8
4 23 15 11787.4
4 23 30 11773.4
4 23 45 11554.1
4 23 0 12114.8
4 23 15 11875.1
4 23 30 11851.1
4 23 45 11875.1
4 23 0 12623.7
4 23 15 12388.6
4 23 30 12363.6
4 23 45 12623.7
4 23 0 13097.1
4 23 15 12837.9
4 23 30 13081.5
4 23 45 13097.1
4 23 0 13424.5
4 23 15 13132.3
4 23 30 13158.9
4 23 45 13408.6
4 23 0 13479.8
4 23 15 13735.6
4 23 30 13452.6
4 23 45 13751.9
4 23 0 13580.7
4 23 15 13882.9
4 23 30 13866.4
4 23 45 13608.2
4 23 0 13452.6
4 23 15 13479.8
4 23 30 13735.6
4 23 45 13751.9
4 23 0 12819.9
4 23 15 12581.2
4 23 30 12835.1
4 23 45 12555.8
4 23 0 13097.1
4 23 15 13081.5
4 23 30 12837.9
4 23 45 12812
4 23 0 13158.9
4 23 15 13132.3
4 23 30 13408.6
4 23 45 13424.5
4 23 0 13604.8
4 23 15 13324.5
4 23 30 13351.5
4 23 45 13621
4 23 0 13324.5
4 23 15 13604.8
4 23 30 13621
4 23 45 13351.5
4 23 0 13424.5
4 23 15 13132.3
4 23 30 13408.6
4 23 45 13158.9
4 23 0 13094.7
4 23 15 13359
4 23 30 13068.3
4 23 45 13343.2
4 23 0 13817.4
4 23 15 13544
4 23 30 13516.7
4 23 45 13801
4 23 0 13479.8
4 23 15 13751.9
4 23 30 13452.6
4 23 45 13735.6
4 23 0 13555.5
4 23 15 13287.3
4 23 30 13539.4
4 23 45 13260.4
4 23 0 13751.9
4 23 15 13452.6
4 23 30 13479.8
4 23 45 13735.6
4 23 0 13555.5
4 23 15 13287.3
4 23 30 13539.4
4 23 45 13539.4
