4 20 0 15463.2
4 20 15 15157.2
4 20 30 15126.6
4 20 45 15126.6
4 20 0 14604.6
4 20 15 14575.1
4 20 30 14881.7
4 20 45 14899.4
4 20 0 14174.6
4 20 15 13894.1
4 20 30 14174.6
4 20 45 13894.1
4 20 0 13815.2
4 20 15 14077.3
4 20 30 14094
4 20 45 13787.3
4 20 0 14209.9
4 20 15 14181.2
4 20 30 14479.5
4 20 45 14181.2
4 20 0 14881.7
4 20 15 14604.6
4 20 30 14899.4
4 20 45 14881.7
4 20 0 15525.3
4 20 15 15543.7
4 20 30 15236.2
4 20 45 15205.4
4 20 0 15756.9
4 20 15 16088.3
4 20 30 15788.8
4 20 45 16107.5
4 20 0 16150.8
4 20 15 16510.2
4 20 30 16150.8
4 20 45 16490.6
4 20 0 16892.8
4 20 15 16912.8
4 20 30 16578.2
4 20 45 16892.8
4 20 0 17073.9
4 20 15 17053.6
4 20 30 16736.1
4 20 45 16702.3
4 20 0 16912.8
4 20 15 16892.8
4 20 30 16578.2
4 20 45 16544.7
4 20 0 15766.6
4 20 15 15473
4 20 30 15785.3
4 20 45 15441.8
4 20 0 15788.8
4 20 15 16107.5
4 20 30 16088.3
4 20 45 15788.8
4 20 0 16510.2
4 20 15 16183.5
4 20 30 16150.8
4 20 45 16490.6
4 20 0 16751.8
4 20 15 16731.9
4 20 30 16420.3
4 20 45 16387.2
4 20 0 16731.9
4 20 15 16387.2
4 20 30 16420.3
4 20 45 16387.2
4 20 0 16510.2
4 20 15 16490.6
4 20 30 16150.8
4 20 45 16183.5
4 20 0 16104.5
4 20 15 16429.6
4 20 30 16072
4 20 45 16072
4 20 0 16973.2
4 20 15 16993.4
4 20 30 16623.5
4 20 45 16657.1
4 20 0 16912.8
4 20 15 16578.2
4 20 30 16544.7
4 20 45 16892.8
4 20 0 16341.4
4 20 15 16308.4
4 20 30 16671.2
4 20 45 16651.4
4 20 0 16578.2
4 20 15 16892.8
4 20 30 16912.8
4 20 45 16544.7
4 20 0 16671.2
4 20 15 16308.4
4 20 30 16651.4
4 20 45 16341.4
