4 5 0 15908.4
4 5 15 15889.6
4 5 30 15593.7
4 5 45 15593.7
4 5 0 15328.4
4 5 15 14994.8
4 5 30 15025.1
4 5 45 14994.8
4 5 0 14265.3
4 5 15 14582.7
4 5 30 14565.4
4 5 45 14565.4
4 5 0 14482.7
4 5 15 14184.3
4 5 30 14499.9
4 5 45 14213
4 5 0 14914.2
4 5 15 14589.6
4 5 30 14896.5
4 5 45 14619.1
4 5 0 15328.4
4 5 15 15025.1
4 5 30 14994.8
4 5 45 15025.1
4 5 0 15972.3
4 5 15 15991.3
4 5 30 15643.2
4 5 45 15674.9
4 5 0 16243.4
4 5 15 16551.6
4 5 30 16210.6
4 5 45 16551.6
4 5 0 16649.5
4 5 15 16985.6
4 5 30 16615.9
4 5 45 16965.4
4 5 0 17055.6
4 5 15 17379.2
4 5 30 17021.1
4 5 45 17399.9
4 5 0 17565.6
4 5 15 17218
4 5 30 17183.3
4 5 45 17544.7
4 5 0 17021.1
4 5 15 17399.9
4 5 30 17055.6
4 5 45 17379.2
4 5 0 16239.9
4 5 15 16220.6
4 5 30 15918.5
4 5 45 15886.4
4 5 0 16571.3
4 5 15 16551.6
4 5 30 16243.4
4 5 45 16210.6
4 5 0 16649.5
4 5 15 16965.4
4 5 30 16615.9
4 5 45 16985.6
4 5 0 17234.1
4 5 15 16859
4 5 30 16893.1
4 5 45 17213.7
4 5 0 17213.7
4 5 15 16859
4 5 30 17234.1
4 5 45 17213.7
4 5 0 16985.6
4 5 15 16965.4
4 5 30 16649.5
4 5 45 16985.6
4 5 0 16534.8
4 5 15 16568.3
4 5 30 16882.6
4 5 45 16902.7
4 5 0 17136.8
4 5 15 17482.7
4 5 30 17102.2
4 5 45 17462
4 5 0 17021.1
4 5 15 17399.9
4 5 30 17055.6
4 5 45 17399.9
4 5 0 17130.9
4 5 15 16778
4 5 30 17151.3
4 5 45 16811.9
4 5 0 17379.2
4 5 15 17399.9
4 5 30 17055.6
4 5 45 17021.1
4 5 0 16811.9
4 5 15 16778
4 5 30 17151.3
4 5 45 16778
