4 9 0 12618.7
4 9 15 12369
4 9 30 12344.1
4 9 45 12369
4 9 0 11918.1
4 9 15 11894
4 9 30 12144.2
4 9 45 12144.2
4 9 0 11553.4
4 9 15 11315.4
4 9 30 11338.3
4 9 45 11567.2
4 9 0 11487.8
4 9 15 11251.1
4 9 30 11251.1
4 9 45 11501.4
4 9 0 11816
4 9 15 11830
4 9 30 11596
4 9 45 11596
4 9 0 11918.1
4 9 15 11894
4 9 30 12144.2
4 9 45 12158.7
4 9 0 12408.4
4 9 15 12669.4
4 9 30 12433.5
4 9 45 12684.4
4 9 0 13128.9
4 9 15 12858.4
4 9 30 12884.4
4 9 45 13144.5
4 9 0 13457.1
4 9 15 13473.1
4 9 30 13179.9
4 9 45 13206.5
4 9 0 13501.3
4 9 15 13801.7
4 9 30 13528.6
4 9 45 13801.7
4 9 0 13629.9
4 9 15 13657.5
4 9 30 13916.6
4 9 45 13933.2
4 9 0 13785.3
4 9 15 13501.3
4 9 30 13528.6
4 9 45 13801.7
4 9 0 12866.3
4 9 15 12626.7
4 9 30 12881.6
4 9 45 12601.2
4 9 0 12858.4
4 9 15 13128.9
4 9 30 12884.4
4 9 45 13144.5
4 9 0 13179.9
4 9 15 13473.1
4 9 30 13206.5
4 9 45 13473.1
4 9 0 13372.7
4 9 15 13399.8
4 9 30 13654
4 9 45 13670.3
4 9 0 13654
4 9 15 13670.3
4 9 30 13399.8
4 9 45 13372.7
4 9 0 13206.5
4 9 15 13179.9
4 9 30 13473.1
4 9 45 13457.1
4 9 0 13391.5
4 9 15 13142.1
4 9 30 13115.6
4 9 45 13407.4
4 9 0 13867.4
4 9 15 13593.1
4 9 30 13565.6
4 9 45 13851
4 9 0 13801.7
4 9 15 13785.3
4 9 30 13528.6
4 9 45 13501.3
4 9 0 13604.5
4 9 15 13335.4
4 9 30 13308.4
4 9 45 13588.4
4 9 0 13785.3
4 9 15 13501.3
4 9 30 13528.6
4 9 45 13785.3
4 9 0 13335.4
4 9 15 13604.5
4 9 30 13308.4
4 9 45 13588.4
