4 3 0 14875.8
4 3 15 15158.1
4 3 30 14845.8
4 3 45 15176.1
4 3 0 14622.8
4 3 15 14605.4
4 3 30 14605.4
4 3 45 14333.5
4 3 0 13636.2
4 3 15 13911.4
4 3 30 13894.9
4 3 45 13608.6
4 3 0 13816
4 3 15 13558.7
4 3 30 13531.3
4 3 45 13832.4
4 3 0 13946.1
4 3 15 13917.9
4 3 30 14210.7
4 3 45 14227.6
4 3 0 14304.5
4 3 15 14622.8
4 3 30 14605.4
4 3 45 14333.5
4 3 0 14923.1
4 3 15 15255.1
4 3 30 14953.3
4 3 45 14953.3
4 3 0 15808.4
4 3 15 15464.4
4 3 30 15789.7
4 3 45 15495.6
4 3 0 15851
4 3 15 15883
4 3 30 16203.6
4 3 45 16184.4
4 3 0 16598.9
4 3 15 16237.6
4 3 30 16579.1
4 3 45 16270.4
4 3 0 16425.4
4 3 15 16737
4 3 30 16392.2
4 3 45 16392.2
4 3 0 16237.6
4 3 15 16579.1
4 3 30 16270.4
4 3 45 16598.9
4 3 0 15185.7
4 3 15 15473.9
4 3 30 15155.1
4 3 45 15492.3
4 3 0 15789.7
4 3 15 15464.4
4 3 30 15495.6
4 3 45 15808.4
4 3 0 16184.4
4 3 15 15851
4 3 30 15883
4 3 45 16203.6
4 3 0 16115.5
4 3 15 16421.2
4 3 30 16440.8
4 3 45 16082.9
4 3 0 16440.8
4 3 15 16421.2
4 3 30 16082.9
4 3 45 16440.8
4 3 0 16203.6
4 3 15 15883
4 3 30 15851
4 3 45 16184.4
4 3 0 16124.6
4 3 15 16105.5
4 3 30 15805.6
4 3 45 15773.6
4 3 0 16347.9
4 3 15 16677.9
4 3 30 16314.9
4 3 45 16658.1
4 3 0 16579.1
4 3 15 16237.6
4 3 30 16270.4
4 3 45 16598.9
4 3 0 16005.6
4 3 15 16361.7
4 3 30 16038
4 3 45 16342.3
4 3 0 16270.4
4 3 15 16579.1
4 3 30 16237.6
4 3 45 16598.9
4 3 0 16342.3
4 3 15 16005.6
4 3 30 16038
4 3 45 16361.7
