4 26 0 14206.7
4 26 15 14476.3
4 26 30 14493.5
4 26 45 14178
4 26 0 13965.1
4 26 15 13688.8
4 26 30 13661.1
4 26 45 13661.1
4 26 0 13022.8
4 26 15 13269.9
4 26 30 13269.9
4 26 45 13285.7
4 26 0 13210.2
4 26 15 13194.5
4 26 30 12922.7
4 26 45 12948.8
4 26 0 13318.8
4 26 15 13571.5
4 26 30 13587.7
4 26 45 13291.9
4 26 0 13948.5
4 26 15 13661.1
4 26 30 13965.1
4 26 45 13948.5
4 26 0 14280.7
4 26 15 14251.9
4 26 30 14569
4 26 45 14551.7
4 26 0 15097.4
4 26 15 14798.7
4 26 30 15079.5
4 26 45 14768.8
4 26 0 15456.5
4 26 15 15138
4 26 30 15474.8
4 26 45 15168.6
4 26 0 15538.6
4 26 15 15833.4
4 26 30 15852.3
4 26 45 15507.2
4 26 0 16003.2
4 26 15 15686.6
4 26 30 15984.2
4 26 45 15654.9
4 26 0 15833.4
4 26 15 15538.6
4 26 30 15852.3
4 26 45 15507.2
4 26 0 14777.9
4 26 15 14795.4
4 26 30 14502.7
4 26 45 14795.4
4 26 0 14768.8
4 26 15 15079.5
4 26 30 15097.4
4 26 45 14798.7
4 26 0 15138
4 26 15 15456.5
4 26 30 15474.8
4 26 45 15168.6
4 26 0 15359.6
4 26 15 15701.3
4 26 30 15682.7
4 26 45 15390.6
4 26 0 15390.6
4 26 15 15701.3
4 26 30 15359.6
4 26 45 15682.7
4 26 0 15456.5
4 26 15 15474.8
4 26 30 15168.6
4 26 45 15138
4 26 0 15064.2
4 26 15 15094.6
4 26 30 15381.1
4 26 45 15094.6
4 26 0 15927.8
4 26 15 15612.6
4 26 30 15581.1
4 26 45 15908.8
4 26 0 15852.3
4 26 15 15538.6
4 26 30 15507.2
4 26 45 15833.4
4 26 0 15285.7
4 26 15 15625.8
4 26 30 15316.6
4 26 45 15607.3
4 26 0 15852.3
4 26 15 15538.6
4 26 30 15507.2
4 26 45 15833.4
4 26 0 15607.3
4 26 15 15625.8
4 26 30 15316.6
4 26 45 15285.7
