4 22 0 12778.3
4 22 15 13036.2
4 22 30 13020.7
4 22 45 13020.7
4 22 0 12287.5
4 22 15 12560.9
4 22 30 12546
4 22 45 12560.9
4 22 0 11713.4
4 22 15 11689.8
4 22 30 11949.9
4 22 45 11713.4
4 22 0 11646.9
4 22 15 11882
4 22 30 11867.8
4 22 45 11623.3
4 22 0 11955.4
4 22 15 12206.9
4 22 30 11979.6
4 22 45 12221.4
4 22 0 12312.4
4 22 15 12560.9
4 22 30 12287.5
4 22 45 12546
4 22 0 13088.5
4 22 15 13104.1
4 22 30 12844.8
4 22 45 12818.9
4 22 0 13310.7
4 22 15 13563.3
4 22 30 13579.4
4 22 45 13283.8
4 22 0 13918.9
4 22 15 13902.3
4 22 30 13643.5
4 22 45 13643.5
4 22 0 14258.3
4 22 15 13948
4 22 30 13976.2
4 22 45 14241.4
4 22 0 14394.1
4 22 15 14080.9
4 22 30 14377.1
4 22 45 14109.3
4 22 0 13976.2
4 22 15 13948
4 22 30 14258.3
4 22 45 14241.4
4 22 0 13307.8
4 22 15 13018.1
4 22 30 13044.5
4 22 45 13292
4 22 0 13283.8
4 22 15 13310.7
4 22 30 13579.4
4 22 45 13563.3
4 22 0 13643.5
4 22 15 13918.9
4 22 30 13902.3
4 22 45 13615.9
4 22 0 13843.1
4 22 15 13815.2
4 22 30 14122.6
4 22 45 13815.2
4 22 0 14122.6
4 22 15 14105.8
4 22 30 14105.8
4 22 45 14105.8
4 22 0 13902.3
4 22 15 13918.9
4 22 30 13615.9
4 22 45 13643.5
4 22 0 13851
4 22 15 13549.5
4 22 30 13834.5
4 22 45 13576.9
4 22 0 14042.8
4 22 15 14309.2
4 22 30 14326.2
4 22 45 14014.4
4 22 0 13948
4 22 15 13976.2
4 22 30 14241.4
4 22 45 14258.3
4 22 0 14038
4 22 15 14054.7
4 22 30 13748.8
4 22 45 13776.6
4 22 0 14258.3
4 22 15 13976.2
4 22 30 13948
4 22 45 14241.4
4 22 0 13748.8
4 22 15 13776.6
4 22 30 14054.7
4 22 45 14038
