4 16 0 12268.4
4 16 15 12526.4
4 16 30 12293.2
4 16 45 12268.4
4 16 0 11821.1
4 16 15 12069.7
4 16 30 12084.1
4 16 45 12084.1
4 16 0 11496.2
4 16 15 11482.6
4 16 30 11268.7
4 16 45 11268.7
4 16 0 11417.3
4 16 15 11182.1
4 16 30 11430.9
4 16 45 11204.7
4 16 0 11757.5
4 16 15 11743.5
4 16 30 11524.8
4 16 45 11757.5
4 16 0 11845
4 16 15 11821.1
4 16 30 12069.7
4 16 45 12084.1
4 16 0 12591.7
4 16 15 12606.6
4 16 30 12332.3
4 16 45 12357.2
4 16 0 13048.4
4 16 15 12805.4
4 16 30 12779.5
4 16 45 13063.9
4 16 0 13374.6
4 16 15 13099
4 16 30 13125.5
4 16 45 13390.5
4 16 0 13717.1
4 16 15 13700.8
4 16 30 13445.7
4 16 45 13418.5
4 16 0 13831.3
4 16 15 13573.7
4 16 30 13847.7
4 16 45 13546.3
4 16 0 13717.1
4 16 15 13418.5
4 16 30 13445.7
4 16 45 13700.8
4 16 0 12787.4
4 16 15 12549.3
4 16 30 12523.9
4 16 45 12802.6
4 16 0 12779.5
4 16 15 13063.9
4 16 30 12805.4
4 16 45 13048.4
4 16 0 13125.5
4 16 15 13099
4 16 30 13390.5
4 16 45 13099
4 16 0 13570.3
4 16 15 13586.4
4 16 30 13317.6
4 16 45 13290.7
4 16 0 13586.4
4 16 15 13317.6
4 16 30 13290.7
4 16 45 13570.3
4 16 0 13390.5
4 16 15 13099
4 16 30 13125.5
4 16 45 13374.6
4 16 0 13035.1
4 16 15 13061.5
4 16 30 13309.3
4 16 45 13325.1
4 16 0 13782.4
4 16 15 13766
4 16 30 13482.4
4 16 45 13509.7
4 16 0 13700.8
4 16 15 13717.1
4 16 30 13445.7
4 16 45 13418.5
4 16 0 13253.6
4 16 15 13521.1
4 16 30 13505.1
4 16 45 13253.6
4 16 0 13717.1
4 16 15 13445.7
4 16 30 13700.8
4 16 45 13418.5
4 16 0 13226.8
4 16 15 13505.1
4 16 30 13521.1
4 16 45 13253.6
