4 12 0 14759.2
4 12 15 14455.1
4 12 30 14759.2
4 12 45 14455.1
4 12 0 13956.3
4 12 15 14238
4 12 30 13956.3
4 12 45 14221.1
4 12 0 13277.3
4 12 15 13545.3
4 12 30 13250.5
4 12 45 13545.3
4 12 0 13468.4
4 12 15 13175.2
4 12 30 13452.4
4 12 45 13201.9
4 12 0 13853.2
4 12 15 13836.7
4 12 30 13551.7
4 12 45 13551.7
4 12 0 14221.1
4 12 15 13928.1
4 12 30 13956.3
4 12 45 14238
4 12 0 14559.8
4 12 15 14853.7
4 12 30 14836.1
4 12 45 14559.8
4 12 0 15374.2
4 12 15 15087.9
4 12 30 15392.4
4 12 45 15057.4
4 12 0 15433.8
4 12 15 15777.2
4 12 30 15758.5
4 12 45 15465.1
4 12 0 15810.3
4 12 15 16162
4 12 30 15842.3
4 12 45 16142.9
4 12 0 15960.9
4 12 15 16316
4 12 30 16296.6
4 12 45 16316
4 12 0 16142.9
4 12 15 15810.3
4 12 30 16162
4 12 45 15842.3
4 12 0 15066.7
4 12 15 14786.1
4 12 30 15084.6
4 12 45 15084.6
4 12 0 15374.2
4 12 15 15057.4
4 12 30 15392.4
4 12 45 15087.9
4 12 0 15777.2
4 12 15 15758.5
4 12 30 15465.1
4 12 45 15433.8
4 12 0 16008.1
4 12 15 15691.4
4 12 30 15989.1
4 12 45 15659.7
4 12 0 15691.4
4 12 15 15659.7
4 12 30 16008.1
4 12 45 15989.1
4 12 0 15777.2
4 12 15 15758.5
4 12 30 15465.1
4 12 45 15433.8
4 12 0 15681.6
4 12 15 15358.6
4 12 30 15700.3
4 12 45 15681.6
4 12 0 16239
4 12 15 16219.7
4 12 30 15885.6
4 12 45 15885.6
4 12 0 16142.9
4 12 15 15842.3
4 12 30 15810.3
4 12 45 16162
4 12 0 15931.2
4 12 15 15615.9
4 12 30 15912.2
4 12 45 15584.4
4 12 0 16162
4 12 15 15810.3
4 12 30 16142.9
4 12 45 15842.3
4 12 0 15615.9
4 12 15 15584.4
4 12 30 15931.2
4 12 45 15615.9
