4 10 0 14714.9
4 10 15 14394.6
4 10 30 14423.7
4 10 45 14697.4
4 10 0 14161.6
4 10 15 13897.9
4 10 30 13869.8
4 10 45 14178.4
4 10 0 13221.7
4 10 15 13195.1
4 10 30 13488.6
4 10 45 13472.6
4 10 0 13412
4 10 15 13146.6
4 10 30 13120.1
4 10 45 13412
4 10 0 13522.2
4 10 15 13778.8
4 10 30 13795.2
4 10 45 13494.9
4 10 0 14161.6
4 10 15 14178.4
4 10 30 13897.9
4 10 45 14161.6
4 10 0 14774
4 10 15 14469.6
4 10 30 14498.8
4 10 45 14791.5
4 10 0 15328
4 10 15 15309.8
4 10 30 15024.7
4 10 45 14994.4
4 10 0 15692.5
4 10 15 15711.2
4 10 30 15369.2
4 10 45 15400.3
4 10 0 16094.4
4 10 15 16075.3
4 10 30 15775.9
4 10 45 15744.1
4 10 0 16228.4
4 10 15 15926.2
4 10 30 16247.7
4 10 45 15894
4 10 0 16075.3
4 10 15 15744.1
4 10 30 15775.9
4 10 45 16094.4
4 10 0 14724.2
4 10 15 15003.6
4 10 30 15021.4
4 10 45 14694.5
4 10 0 15328
4 10 15 15024.7
4 10 30 14994.4
4 10 45 15309.8
4 10 0 15400.3
4 10 15 15369.2
4 10 30 15692.5
4 10 45 15711.2
4 10 0 15922.2
4 10 15 15625.7
4 10 30 15941.1
4 10 45 15594.2
4 10 0 15941.1
4 10 15 15594.2
4 10 30 15625.7
4 10 45 15922.2
4 10 0 15711.2
4 10 15 15369.2
4 10 30 15400.3
4 10 45 15400.3
4 10 0 15634.6
4 10 15 15616
4 10 30 15325.2
4 10 45 15325.2
4 10 0 16151.8
4 10 15 16171
4 10 30 15819.1
4 10 45 15851.1
4 10 0 16094.4
4 10 15 15744.1
4 10 30 16075.3
4 10 45 15775.9
4 10 0 15550.6
4 10 15 15864.5
4 10 30 15845.6
4 10 45 15519.2
4 10 0 16075.3
4 10 15 15775.9
4 10 30 16094.4
4 10 45 15775.9
4 10 0 15550.6
4 10 15 15864.5
4 10 30 15845.6
4 10 45 15845.6
