4 21 0 14603.8
4 21 15 14621.1
4 21 30 14302.9
4 21 45 14603.8
4 21 0 13809.3
4 21 15 14088.1
4 21 30 14088.1
4 21 45 13809.3
4 21 0 13386.8
4 21 15 13137.5
4 21 30 13111
4 21 45 13111
4 21 0 13062.9
4 21 15 13326.6
4 21 30 13036.5
4 21 45 13326.6
4 21 0 13436.1
4 21 15 13707.3
4 21 30 13691
4 21 45 13409
4 21 0 13781.4
4 21 15 13781.4
4 21 30 13809.3
4 21 45 14071.3
4 21 0 14406.5
4 21 15 14377.4
4 21 30 14697.3
4 21 45 14679.8
4 21 0 15212.3
4 21 15 14929
4 21 30 15230.3
4 21 45 14898.9
4 21 0 15611.1
4 21 15 15592.6
4 21 30 15271.3
4 21 45 15302.2
4 21 0 15675.4
4 21 15 15643.8
4 21 30 15972.9
4 21 45 15972.9
4 21 0 15824.7
4 21 15 16144.2
4 21 30 15792.8
4 21 45 16125
4 21 0 15991.9
4 21 15 15675.4
4 21 30 15972.9
4 21 45 15991.9
4 21 0 14630.4
4 21 15 14600.9
4 21 30 14925.7
4 21 45 14908
4 21 0 15212.3
4 21 15 15230.3
4 21 30 14898.9
4 21 45 14898.9
4 21 0 15592.6
4 21 15 15302.2
4 21 30 15271.3
4 21 45 15611.1
4 21 0 15820.8
4 21 15 15494.8
4 21 30 15526.2
4 21 45 15820.8
4 21 0 15526.2
4 21 15 15494.8
4 21 30 15839.6
4 21 45 15820.8
4 21 0 15302.2
4 21 15 15271.3
4 21 30 15611.1
4 21 45 15592.6
4 21 0 15227.6
4 21 15 15196.8
4 21 30 15516.5
4 21 45 15535
4 21 0 16048.9
4 21 15 16068
4 21 30 15718.3
4 21 45 15750.1
4 21 0 15675.4
4 21 15 15643.8
4 21 30 15991.9
4 21 45 15972.9
4 21 0 15451.5
4 21 15 15420.3
4 21 30 15744.7
4 21 45 15763.4
4 21 0 15643.8
4 21 15 15675.4
4 21 30 15972.9
4 21 45 15991.9
4 21 0 15451.5
4 21 15 15744.7
4 21 30 15763.4
4 21 45 15420.3
