4 29 0 12545.2
4 29 15 12545.2
4 29 30 12824.3
4 29 45 12570.6
4 29 0 12087.8
4 29 15 12342.1
4 29 30 12342.1
4 29 45 12112.3
4 29 0 11755.6
4 29 15 11523
4 29 30 11523
4 29 45 11741.7
4 29 0 11688.8
4 29 15 11434.4
4 29 30 11457.6
4 29 45 11675
4 29 0 11761.1
4 29 15 12022.8
4 29 30 11784.9
4 29 45 12008.5
4 29 0 12087.8
4 29 15 12342.1
4 29 30 12356.8
4 29 45 12342.1
4 29 0 12891.1
4 29 15 12610.6
4 29 30 12636.1
4 29 45 12875.8
4 29 0 13342.8
4 29 15 13358.7
4 29 30 13094.4
4 29 45 13342.8
4 29 0 13692.7
4 29 15 13676.4
4 29 30 13421.7
4 29 45 13394.6
4 29 0 14010
4 29 15 13721.3
4 29 30 13749.1
4 29 45 14026.6
4 29 0 14160.2
4 29 15 13880
4 29 30 13852
4 29 45 14143.4
4 29 0 14026.6
4 29 15 14010
4 29 30 13721.3
4 29 45 13749.1
4 29 0 12832.5
4 29 15 12806.6
4 29 30 13091.5
4 29 45 13076
4 29 0 13094.4
4 29 15 13358.7
4 29 30 13067.9
4 29 45 13342.8
4 29 0 13421.7
4 29 15 13676.4
4 29 30 13692.7
4 29 45 13692.7
4 29 0 13618.1
4 29 15 13876.5
4 29 30 13590.7
4 29 45 13893
4 29 0 13618.1
4 29 15 13876.5
4 29 30 13590.7
4 29 45 13893
4 29 0 13394.6
4 29 15 13692.7
4 29 30 13421.7
4 29 45 13676.4
4 29 0 13356.3
4 29 15 13609.7
4 29 30 13329.3
4 29 45 13625.9
4 29 0 14076.7
4 29 15 13786.7
4 29 30 14093.4
4 29 45 13786.7
4 29 0 14026.6
4 29 15 13721.3
4 29 30 14010
4 29 45 13749.1
4 29 0 13525.3
4 29 15 13809.8
4 29 30 13826.2
4 29 45 13552.7
4 29 0 14026.6
4 29 15 13721.3
4 29 30 13749.1
4 29 45 13721.3
4 29 0 13826.2
4 29 15 13525.3
4 29 30 13809.8
4 29 45 13552.7
