11 15 0 16015.7
11 15 15 16372
11 15 30 16352.6
11 15 45 16352.6
11 15 0 15261
11 15 15 15582
11 15 30 15261
11 15 45 15600.5
11 15 0 14871.8
11 15 15 15153.9
11 15 30 14841.7
11 15 45 14871.8
11 15 0 15000.5
11 15 15 14703.7
11 15 30 14674
11 15 45 14982.7
11 15 0 15093.3
11 15 15 15429.1
11 15 30 15410.8
11 15 45 15429.1
11 15 0 15543.9
11 15 15 15838.9
11 15 30 15857.7
11 15 45 15512.6
11 15 0 15964
11 15 15 16266.9
11 15 30 15931.8
11 15 45 16286.3
11 15 0 16384.1
11 15 15 16351.1
11 15 30 16695
11 15 45 16714.9
11 15 0 17486.3
11 15 15 17140.3
11 15 30 17105.7
11 15 45 17465.6
11 15 0 17644.5
11 15 15 18000.6
11 15 30 17979.3
11 15 45 17608.8
11 15 0 17692.7
11 15 15 18064.9
11 15 30 18086.3
11 15 45 17728.5
11 15 0 17979.3
11 15 15 18000.6
11 15 30 17644.5
11 15 45 17644.5
11 15 0 16800.6
11 15 15 16434.9
11 15 30 16780.6
11 15 45 16468.2
11 15 0 17224.4
11 15 15 17551.2
11 15 30 17572
11 15 45 17189.6
11 15 0 17829.2
11 15 15 17476.4
11 15 30 17808
11 15 45 17441.1
11 15 0 17392.4
11 15 15 17743.5
11 15 30 17357.3
11 15 45 17722.4
11 15 0 17441.1
11 15 15 17829.2
11 15 30 17808
11 15 45 17829.2
11 15 0 18321.7
11 15 15 17944.2
11 15 30 18343.5
11 15 45 17980.5
11 15 0 18064.6
11 15 15 18429.2
11 15 30 18407.3
11 15 45 18064.6
11 15 0 17979.3
11 15 15 17644.5
11 15 30 18000.6
11 15 45 17608.8
11 15 0 17224.4
11 15 15 17572
11 15 30 17551.2
11 15 45 17572
11 15 0 16972.3
11 15 15 17294.3
11 15 30 17314.9
11 15 45 16972.3
11 15 0 17572
11 15 15 17551.2
11 15 30 17224.4
11 15 45 17224.4
11 15 0 17572
11 15 15 17189.6
11 15 30 17551.2
11 15 45 17224.4
