11 27 0 17265.7
11 27 15 17593.3
11 27 30 17614.2
11 27 45 17230.9
11 27 0 16418.9
11 27 15 16764.3
11 27 30 16452.1
11 27 45 16784.2
11 27 0 16303.8
11 27 15 16323.1
11 27 30 15967.9
11 27 45 15967.9
11 27 0 16138.7
11 27 15 15819.4
11 27 30 15819.4
11 27 45 15787.4
11 27 0 16580.1
11 27 15 16238.5
11 27 30 16271.4
11 27 45 16271.4
11 27 0 16689.6
11 27 15 17060.9
11 27 30 17040.7
11 27 45 16723.3
11 27 0 17140.6
11 27 15 17522
11 27 30 17501.2
11 27 45 17175.3
11 27 0 17627.3
11 27 15 17983.1
11 27 30 17961.8
11 27 45 17591.7
11 27 0 18813.1
11 27 15 18790.8
11 27 30 18403.6
11 27 45 18440.9
11 27 0 19343.4
11 27 15 19366.4
11 27 30 18944.9
11 27 45 18983.2
11 27 0 19435.6
11 27 15 19035.1
11 27 30 19458.7
11 27 45 19073.6
11 27 0 18983.2
11 27 15 18944.9
11 27 30 19366.4
11 27 45 19343.4
11 27 0 18075.3
11 27 15 18053.9
11 27 30 17681.9
11 27 45 18075.3
11 27 0 18531.3
11 27 15 18882.9
11 27 30 18905.3
11 27 45 18493.9
11 27 0 18802.5
11 27 15 18764.5
11 27 30 19159.2
11 27 45 19182
11 27 0 19089.8
11 27 15 18712.1
11 27 30 18674.3
11 27 45 19067.1
11 27 0 19159.2
11 27 15 18764.5
11 27 30 18802.5
11 27 45 19182
11 27 0 19735.3
11 27 15 19305.8
11 27 30 19344.8
11 27 45 19711.9
11 27 0 19827.5
11 27 15 19435.2
11 27 30 19396
11 27 45 19804
11 27 0 19343.4
11 27 15 18983.2
11 27 30 18944.9
11 27 45 19366.4
11 27 0 18905.3
11 27 15 18882.9
11 27 30 18493.9
11 27 45 18531.3
11 27 0 18606.6
11 27 15 18628.7
11 27 30 18260.1
11 27 45 18223.2
11 27 0 18493.9
11 27 15 18531.3
11 27 30 18905.3
11 27 45 18882.9
11 27 0 18493.9
11 27 15 18882.9
11 27 30 18531.3
11 27 45 18905.3
