11 10 0 15848.6
11 10 15 15829.7
11 10 30 15503.6
11 10 45 15848.6
11 10 0 14773.1
11 10 15 15083.8
11 10 30 15083.8
11 10 45 14803
11 10 0 14396.3
11 10 15 14669.4
11 10 30 14367.2
11 10 45 14686.9
11 10 0 14204.9
11 10 15 14233.6
11 10 30 14520.9
11 10 45 14520.9
11 10 0 14935.8
11 10 15 14640.3
11 10 30 14610.7
11 10 45 14918.1
11 10 0 15332.5
11 10 15 15350.7
11 10 30 15047
11 10 45 15016.6
11 10 0 15422.4
11 10 15 15746.9
11 10 30 15453.6
11 10 45 15453.6
11 10 0 15828.3
11 10 15 16161.3
11 10 30 16180.5
11 10 45 15860.3
11 10 0 16558.8
11 10 15 16907.2
11 10 30 16927.3
11 10 45 16592.3
11 10 0 17404.4
11 10 15 17425.1
11 10 30 17080.3
11 10 45 17080.3
11 10 0 17487.3
11 10 15 17161.7
11 10 30 17127
11 10 45 17508.1
11 10 0 17080.3
11 10 15 17425.1
11 10 30 17404.4
11 10 45 17045.9
11 10 0 16263.4
11 10 15 15941.6
11 10 30 15909.5
11 10 45 16244.1
11 10 0 17010.2
11 10 15 16990
11 10 30 16640
11 10 45 16673.7
11 10 0 17238.7
11 10 15 17259.2
11 10 30 16883.5
11 10 45 16917.7
11 10 0 16802.3
11 10 15 16836.3
11 10 30 17176.2
11 10 45 17155.8
11 10 0 16917.7
11 10 15 17238.7
11 10 30 17259.2
11 10 45 16883.5
11 10 0 17405.7
11 10 15 17757
11 10 30 17735.9
11 10 45 17370.5
11 10 0 17451.7
11 10 15 17487
11 10 30 17818.8
11 10 45 17840
11 10 0 17045.9
11 10 15 17404.4
11 10 30 17425.1
11 10 45 17080.3
11 10 0 16640
11 10 15 17010.2
11 10 30 16990
11 10 45 16673.7
11 10 0 16761.3
11 10 15 16396.5
11 10 30 16741.4
11 10 45 16429.7
11 10 0 16990
11 10 15 16640
11 10 30 16673.7
11 10 45 17010.2
11 10 0 17010.2
11 10 15 16990
11 10 30 16640
11 10 45 17010.2
