11 11 0 13119.6
11 11 15 13093.1
11 11 30 13093.1
11 11 45 13384.4
11 11 0 12476.2
11 11 15 12501.4
11 11 30 12501.4
11 11 45 12738.6
11 11 0 12133.4
11 11 15 12403.4
11 11 30 12157.9
11 11 45 12388.6
11 11 0 12248.6
11 11 15 12020.6
11 11 30 11996.3
11 11 45 12248.6
11 11 0 12598.6
11 11 15 12613.6
11 11 30 12339.1
11 11 45 12364
11 11 0 12707.5
11 11 15 12948.6
11 11 30 12964
11 11 45 12964
11 11 0 13298.5
11 11 15 13314.3
11 11 30 13314.3
11 11 45 13050.9
11 11 0 13367.3
11 11 15 13664.7
11 11 30 13648.5
11 11 45 13394.3
11 11 0 14295.4
11 11 15 13984.3
11 11 30 14012.5
11 11 45 14278.4
11 11 0 14424.7
11 11 15 14715.8
11 11 30 14395.6
11 11 45 14698.4
11 11 0 14785.9
11 11 15 14464.1
11 11 30 14493.4
11 11 45 14768.4
11 11 0 14395.6
11 11 15 14424.7
11 11 30 14715.8
11 11 45 14698.4
11 11 0 13435.9
11 11 15 13718.5
11 11 30 13734.8
11 11 45 13463
11 11 0 14348.4
11 11 15 14081.2
11 11 30 14052.8
11 11 45 14365.5
11 11 0 14558.4
11 11 15 14258.5
11 11 30 14575.7
11 11 45 14287.3
11 11 0 14189.9
11 11 15 14505.6
11 11 30 14218.6
11 11 45 14488.4
11 11 0 14575.7
11 11 15 14287.3
11 11 30 14558.4
11 11 45 14258.5
11 11 0 14996.2
11 11 15 14978.3
11 11 30 14669.8
11 11 45 14699.4
11 11 0 14768.1
11 11 15 14738.3
11 11 30 15048.3
11 11 45 15066.2
11 11 0 14715.8
11 11 15 14424.7
11 11 30 14698.4
11 11 45 14715.8
11 11 0 14365.5
11 11 15 14052.8
11 11 30 14348.4
11 11 45 14081.2
11 11 0 14155.2
11 11 15 13847.2
11 11 30 14138.4
11 11 45 13875.2
11 11 0 14052.8
11 11 15 14081.2
11 11 30 14365.5
11 11 45 14348.4
11 11 0 14365.5
11 11 15 14052.8
11 11 30 14081.2
11 11 45 14348.4
