11 1 0 15357.6
11 1 15 15375.9
11 1 30 15071.6
11 1 45 15357.6
11 1 0 14332.5
11 1 15 14651.4
11 1 30 14634
11 1 45 14332.5
11 1 0 13938.7
11 1 15 14248.8
11 1 30 14231.9
11 1 45 13966.9
11 1 0 14087.8
11 1 15 14071.1
11 1 30 13781.2
11 1 45 13809.1
11 1 0 14490.4
11 1 15 14473.1
11 1 30 14175
11 1 45 14490.4
11 1 0 14598.2
11 1 15 14568.7
11 1 30 14892.9
11 1 45 14598.2
11 1 0 14992.7
11 1 15 14962.5
11 1 30 15295.4
11 1 45 15277.2
11 1 0 15356.2
11 1 15 15697.9
11 1 30 15679.2
11 1 45 15387.3
11 1 0 16422.4
11 1 15 16097.5
11 1 30 16402.9
11 1 45 16402.9
11 1 0 16905.4
11 1 15 16537.5
11 1 30 16885.3
11 1 45 16537.5
11 1 0 16616.2
11 1 15 16649.8
11 1 30 16985.9
11 1 45 16965.7
11 1 0 16537.5
11 1 15 16885.3
11 1 30 16905.4
11 1 45 16570.9
11 1 0 15759.7
11 1 15 15778.4
11 1 30 15466.2
11 1 45 15435
11 1 0 16502.9
11 1 15 16176.4
11 1 30 16483.3
11 1 45 16143.7
11 1 0 16744.4
11 1 15 16724.5
11 1 30 16380
11 1 45 16413.1
11 1 0 16301.2
11 1 15 16663.9
11 1 30 16334.2
11 1 45 16644.1
11 1 0 16413.1
11 1 15 16744.4
11 1 30 16413.1
11 1 45 16380
11 1 0 17207
11 1 15 16886.6
11 1 30 17227.4
11 1 45 17207
11 1 0 16931.2
11 1 15 17287.4
11 1 30 16965.5
11 1 45 17307.9
11 1 0 16570.9
11 1 15 16905.4
11 1 30 16537.5
11 1 45 16885.3
11 1 0 16483.3
11 1 15 16502.9
11 1 30 16176.4
11 1 45 16143.7
11 1 0 15939.6
11 1 15 16242.1
11 1 30 15907.5
11 1 45 16261.4
11 1 0 16483.3
11 1 15 16176.4
11 1 30 16143.7
11 1 45 16502.9
11 1 0 16143.7
11 1 15 16502.9
11 1 30 16176.4
11 1 45 16483.3
