11 30 0 17355.1
11 30 15 17720.1
11 30 30 17390.2
11 30 45 17720.1
11 30 0 16570.7
11 30 15 16905.2
11 30 30 16905.2
11 30 45 16537.3
11 30 0 16421.3
11 30 15 16083
11 30 30 16083
11 30 45 16115.5
11 30 0 16235.7
11 30 15 16255
11 30 30 15933.4
11 30 45 15901.2
11 30 0 16719.4
11 30 15 16699.6
11 30 30 16388.6
11 30 45 16355.5
11 30 0 17163.5
11 30 15 17183.9
11 30 30 16809.9
11 30 45 16843.9
11 30 0 17648.3
11 30 15 17627.4
11 30 30 17299.1
11 30 45 17627.4
11 30 0 17754.3
11 30 15 18112.7
11 30 30 17718.5
11 30 45 17754.3
11 30 0 18536.3
11 30 15 18948.7
11 30 30 18926.2
11 30 45 18948.7
11 30 0 19120.1
11 30 15 19482.9
11 30 30 19081.5
11 30 45 19120.1
11 30 0 19575.6
11 30 15 19172.3
11 30 30 19211.1
11 30 45 19598.9
11 30 0 19120.1
11 30 15 19482.9
11 30 30 19506
11 30 45 19506
11 30 0 17845.4
11 30 15 18184
11 30 30 18205.6
11 30 45 17809.4
11 30 0 18664.8
11 30 15 19041.6
11 30 30 19019
11 30 45 18627.2
11 30 0 18899.7
11 30 15 18938
11 30 30 19297.3
11 30 45 19320.2
11 30 0 19227.4
11 30 15 19204.5
11 30 30 18846.9
11 30 45 19204.5
11 30 0 18899.7
11 30 15 18938
11 30 30 19320.2
11 30 45 19297.3
11 30 0 19444.9
11 30 15 19484.3
11 30 30 19877.6
11 30 45 19854
11 30 0 19535.8
11 30 15 19575.3
11 30 30 19970.4
11 30 45 19946.7
11 30 0 19120.1
11 30 15 19482.9
11 30 30 19081.5
11 30 45 19506
11 30 0 19041.6
11 30 15 18627.2
11 30 30 18664.8
11 30 45 19019
11 30 0 18354.6
11 30 15 18391.7
11 30 30 18740.7
11 30 45 18391.7
11 30 0 19041.6
11 30 15 18627.2
11 30 30 18664.8
11 30 45 19019
11 30 0 19019
11 30 15 18627.2
11 30 30 19041.6
11 30 45 18664.8
