11 9 0 14853.4
11 9 15 14823.4
11 9 30 14823.4
11 9 45 15135.2
11 9 0 14124.9
11 9 15 14422
11 9 30 14153.5
11 9 45 14439.2
11 9 0 14025.8
11 9 15 13736.8
11 9 30 14025.8
11 9 45 13764.6
11 9 0 13867.3
11 9 15 13883.8
11 9 30 13609.1
11 9 45 13883.8
11 9 0 13997.9
11 9 15 13969.7
11 9 30 14263.5
11 9 45 14280.5
11 9 0 14386.8
11 9 15 14677.2
11 9 30 14659.7
11 9 45 14357.7
11 9 0 14775.6
11 9 15 15073.8
11 9 30 15056
11 9 45 14745.8
11 9 0 15164.4
11 9 15 15452.2
11 9 30 15470.5
11 9 45 15470.5
11 9 0 16184.6
11 9 15 15832.3
11 9 30 16165.3
11 9 45 15864.3
11 9 0 16640.8
11 9 15 16330.9
11 9 30 16298
11 9 45 16640.8
11 9 0 16375.6
11 9 15 16408.7
11 9 30 16720
11 9 45 16739.9
11 9 0 16330.9
11 9 15 16660.6
11 9 30 16640.8
11 9 45 16298
11 9 0 15531.4
11 9 15 15242.2
11 9 30 15549.9
11 9 45 15211.4
11 9 0 16244.6
11 9 15 15942.1
11 9 30 16263.9
11 9 45 16263.9
11 9 0 16142.7
11 9 15 16175.4
11 9 30 16482.3
11 9 45 16501.9
11 9 0 16097.6
11 9 15 16422.6
11 9 30 16065.1
11 9 45 16403.1
11 9 0 16501.9
11 9 15 16142.7
11 9 30 16175.4
11 9 45 16482.3
11 9 0 16957.8
11 9 15 16977.9
11 9 30 16642
11 9 45 16608.4
11 9 0 17037
11 9 15 16686
11 9 30 17057.3
11 9 45 16719.8
11 9 0 16330.9
11 9 15 16298
11 9 30 16660.6
11 9 45 16640.8
11 9 0 16263.9
11 9 15 15909.9
11 9 30 16244.6
11 9 45 15942.1
11 9 0 15677.1
11 9 15 15708.8
11 9 30 16006.9
11 9 45 16025.9
11 9 0 16244.6
11 9 15 15942.1
11 9 30 16263.9
11 9 45 16263.9
11 9 0 15909.9
11 9 15 16263.9
11 9 30 15942.1
11 9 45 16244.6
