11 4 0 12942
11 4 15 13230
11 4 30 12968.2
11 4 45 12942
11 4 0 12357.1
11 4 15 12591.6
11 4 30 12357.1
11 4 45 12606.6
11 4 0 12260.2
11 4 15 12245.7
11 4 30 12017.6
11 4 45 11993.4
11 4 0 12121.7
11 4 15 11881.9
11 4 30 11857.9
11 4 45 12107.3
11 4 0 12221.3
11 4 15 12453.2
11 4 30 12196.7
11 4 45 12468
11 4 0 12560.8
11 4 15 12799.2
11 4 30 12535.5
11 4 45 12814.4
11 4 0 13160.7
11 4 15 13145.1
11 4 30 12874.3
11 4 45 13160.7
11 4 0 13491
11 4 15 13507
11 4 30 13213.1
11 4 45 13213.1
11 4 0 13850.8
11 4 15 14113.7
11 4 30 13822.9
11 4 45 14130.4
11 4 0 14528.8
11 4 15 14229.4
11 4 30 14546
11 4 45 14528.8
11 4 0 14598
11 4 15 14297.2
11 4 30 14326.1
11 4 45 14615.3
11 4 0 14546
11 4 15 14229.4
11 4 30 14528.8
11 4 45 14258.2
11 4 0 13576.3
11 4 15 13307.7
11 4 30 13560.2
11 4 45 13280.8
11 4 0 13918.7
11 4 15 14199.7
11 4 30 14182.8
11 4 45 13890.6
11 4 0 14093.9
11 4 15 14390.4
11 4 30 14122.4
11 4 45 14407.5
11 4 0 14026.2
11 4 15 14054.5
11 4 30 14338.2
11 4 45 14321.2
11 4 0 14093.9
11 4 15 14407.5
11 4 30 14122.4
11 4 45 14390.4
11 4 0 14805.5
11 4 15 14529.8
11 4 30 14823.1
11 4 45 14500.5
11 4 0 14874.7
11 4 15 14568.2
11 4 30 14892.4
11 4 45 14597.7
11 4 0 14258.2
11 4 15 14546
11 4 30 14528.8
11 4 45 14546
11 4 0 13918.7
11 4 15 13890.6
11 4 30 14182.8
11 4 45 13918.7
11 4 0 13975.3
11 4 15 13991.9
11 4 30 13687.4
11 4 45 13715.1
11 4 0 13918.7
11 4 15 13890.6
11 4 30 14182.8
11 4 45 14199.7
11 4 0 14182.8
11 4 15 13890.6
11 4 30 13918.7
11 4 45 14199.7
