11 18 0 14457.3
11 18 15 14457.3
11 18 30 14142.6
11 18 45 14440.1
11 18 0 13503.5
11 18 15 13476.2
11 18 30 13476.2
11 18 45 13503.5
11 18 0 13397.6
11 18 15 13106
11 18 30 13132.5
11 18 45 13381.7
11 18 0 13246.2
11 18 15 13230.5
11 18 30 12984.1
11 18 45 12984.1
11 18 0 13328.1
11 18 15 13355.1
11 18 30 13624.6
11 18 45 13624.6
11 18 0 13698.3
11 18 15 13726
11 18 30 13986.5
11 18 45 13986.5
11 18 0 14068.6
11 18 15 14381.6
11 18 30 14097
11 18 45 14364.5
11 18 0 14438.8
11 18 15 14742.5
11 18 30 14468
11 18 45 14760
11 18 0 15441.3
11 18 15 15422.9
11 18 30 15135.7
11 18 45 15422.9
11 18 0 15580.9
11 18 15 15876.5
11 18 30 15895.4
11 18 45 15549.5
11 18 0 15971.1
11 18 15 15623.5
11 18 30 15655.1
11 18 45 15952.1
11 18 0 15549.5
11 18 15 15580.9
11 18 30 15895.4
11 18 45 15549.5
11 18 0 14835.7
11 18 15 14542.2
11 18 30 14512.8
11 18 45 14818.1
11 18 0 15498.5
11 18 15 15209.9
11 18 30 15179.2
11 18 45 15517
11 18 0 15744
11 18 15 15401.4
11 18 30 15725.3
11 18 45 15432.5
11 18 0 15327.3
11 18 15 15649.7
11 18 30 15358.3
11 18 45 15358.3
11 18 0 15744
11 18 15 15401.4
11 18 30 15725.3
11 18 45 15725.3
11 18 0 16198.2
11 18 15 16179
11 18 30 15877.7
11 18 45 15845.6
11 18 0 15919.7
11 18 15 16273.9
11 18 30 16254.6
11 18 45 15951.9
11 18 0 15876.5
11 18 15 15895.4
11 18 30 15580.9
11 18 45 15895.4
11 18 0 15179.2
11 18 15 15209.9
11 18 30 15498.5
11 18 45 15517
11 18 0 14987.3
11 18 15 15271.7
11 18 30 15289.9
11 18 45 15271.7
11 18 0 15179.2
11 18 15 15498.5
11 18 30 15209.9
11 18 45 15517
11 18 0 15209.9
11 18 15 15498.5
11 18 30 15517
11 18 45 15179.2
