11 13 0 15850
11 13 15 15818
11 13 30 16150.7
11 13 45 15850
11 13 0 15389.7
11 13 15 15408
11 13 30 15408
11 13 45 15389.7
11 13 0 14966.9
11 13 15 14984.7
11 13 30 14688.2
11 13 45 14658.6
11 13 0 14522.2
11 13 15 14797.8
11 13 30 14492.9
11 13 45 14815.4
11 13 0 14937.2
11 13 15 15220.6
11 13 30 15238.7
11 13 45 14907
11 13 0 15662
11 13 15 15321.1
11 13 30 15643.4
11 13 45 15321.1
11 13 0 16085.3
11 13 15 15767
11 13 30 15735.2
11 13 45 16066.2
11 13 0 16508.6
11 13 15 16181.9
11 13 30 16149.3
11 13 45 16181.9
11 13 0 16894.6
11 13 15 17250
11 13 30 17270.5
11 13 45 16928.8
11 13 0 17426.7
11 13 15 17757.3
11 13 30 17391.5
11 13 45 17757.3
11 13 0 17509.7
11 13 15 17474.3
11 13 30 17841.9
11 13 45 17863.1
11 13 0 17391.5
11 13 15 17426.7
11 13 30 17757.3
11 13 45 17778.5
11 13 0 16264.9
11 13 15 16593.2
11 13 30 16573.5
11 13 45 16232.1
11 13 0 17355.2
11 13 15 17334.6
11 13 30 17011.8
11 13 45 16977.4
11 13 0 17588.2
11 13 15 17225.9
11 13 30 17260.7
11 13 45 17609.1
11 13 0 17177.7
11 13 15 17524.5
11 13 30 17143.1
11 13 45 17503.7
11 13 0 17225.9
11 13 15 17588.2
11 13 30 17260.7
11 13 45 17609.1
11 13 0 18095.6
11 13 15 18117.1
11 13 30 17758.6
11 13 45 17722.8
11 13 0 18180.1
11 13 15 18201.7
11 13 30 17805.6
11 13 45 17841.6
11 13 0 17778.5
11 13 15 17757.3
11 13 30 17391.5
11 13 45 17426.7
11 13 0 17355.2
11 13 15 17011.8
11 13 30 16977.4
11 13 45 17334.6
11 13 0 17101.2
11 13 15 17080.9
11 13 30 16729
11 13 45 16762.8
11 13 0 16977.4
11 13 15 17355.2
11 13 30 17011.8
11 13 45 17334.6
11 13 0 16977.4
11 13 15 17355.2
11 13 30 17011.8
11 13 45 17334.6
