11 21 0 17772.6
11 21 15 17772.6
11 21 30 17420.9
11 21 45 17385.8
11 21 0 16935.1
11 21 15 16915
11 21 30 16600
11 21 45 16915
11 21 0 16450.3
11 21 15 16111.4
11 21 30 16144
11 21 45 16111.4
11 21 0 15961.6
11 21 15 15961.6
11 21 30 16283.8
11 21 45 16283.8
11 21 0 16384.5
11 21 15 16749
11 21 30 16384.5
11 21 45 16729.1
11 21 0 17214.3
11 21 15 16839.6
11 21 30 17193.8
11 21 45 16873.7
11 21 0 17679.5
11 21 15 17329.7
11 21 30 17658.5
11 21 45 17294.7
11 21 0 17749.9
11 21 15 17785.8
11 21 30 18123.2
11 21 45 18144.8
11 21 0 18982.2
11 21 15 18606.6
11 21 30 18569.1
11 21 45 18959.7
11 21 0 19153.9
11 21 15 19540.5
11 21 30 19115.2
11 21 45 19517.3
11 21 0 19610.3
11 21 15 19206.3
11 21 30 19245.1
11 21 45 19633.6
11 21 0 19540.5
11 21 15 19517.3
11 21 30 19153.9
11 21 45 19115.2
11 21 0 18237.8
11 21 15 17877
11 21 30 17840.9
11 21 45 17877
11 21 0 18697.9
11 21 15 19052.6
11 21 30 19075.3
11 21 45 18660.1
11 21 0 19331.5
11 21 15 18971.5
11 21 30 19354.4
11 21 45 18933.2
11 21 0 18842.2
11 21 15 19261.4
11 21 30 18880.3
11 21 45 19238.5
11 21 0 18971.5
11 21 15 19331.5
11 21 30 19354.4
11 21 45 18933.2
11 21 0 19479.3
11 21 15 19889.1
11 21 30 19518.7
11 21 45 19912.7
11 21 0 19609.9
11 21 15 19982
11 21 30 19570.4
11 21 45 20005.8
11 21 0 19517.3
11 21 15 19115.2
11 21 30 19153.9
11 21 45 19517.3
11 21 0 18697.9
11 21 15 19052.6
11 21 30 18660.1
11 21 45 19075.3
11 21 0 18796.1
11 21 15 18424.2
11 21 30 18387
11 21 45 18387
11 21 0 19052.6
11 21 15 18697.9
11 21 30 18660.1
11 21 45 18660.1
11 21 0 19075.3
11 21 15 18697.9
11 21 30 19052.6
11 21 45 18697.9
