11 12 0 12919.4
11 12 15 12653.2
11 12 30 12678.8
11 12 45 12678.8
11 12 0 12325.3
11 12 15 12057
11 12 30 12310.6
11 12 45 12325.3
11 12 0 11749.5
11 12 15 11972.4
11 12 30 11986.7
11 12 45 11725.8
11 12 0 11616.7
11 12 15 11851.2
11 12 30 11593.3
11 12 45 11837.1
11 12 0 11948.6
11 12 15 12189.8
11 12 30 12175.4
11 12 45 11924.5
11 12 0 12255.8
11 12 15 12528.4
11 12 30 12513.6
11 12 45 12280.5
11 12 0 12612.4
11 12 15 12587
11 12 30 12851.8
11 12 45 12851.8
11 12 0 13190
11 12 15 13205.6
11 12 30 12918.2
11 12 45 12944.4
11 12 0 13815.1
11 12 15 13815.1
11 12 30 13514.4
11 12 45 13541.8
11 12 0 13911.9
11 12 15 13940.1
11 12 30 14221.5
11 12 45 14204.6
11 12 0 13978.2
11 12 15 14006.5
11 12 30 14289.2
11 12 45 14272.2
11 12 0 13940.1
11 12 15 14204.6
11 12 30 14221.5
11 12 45 13911.9
11 12 0 12984.5
11 12 15 13273.4
11 12 30 13257.6
11 12 45 13010.7
11 12 0 13866.4
11 12 15 13580.7
11 12 30 13882.9
11 12 45 13608.2
11 12 0 14086
11 12 15 14069.3
11 12 30 13779.4
11 12 45 13779.4
11 12 0 14018.3
11 12 15 14001.7
11 12 30 13713.2
11 12 45 14001.7
11 12 0 13779.4
11 12 15 14069.3
11 12 30 13807.3
11 12 45 14086
11 12 0 14475.1
11 12 15 14205.6
11 12 30 14492.3
11 12 45 14176.9
11 12 0 14243.2
11 12 15 14542.8
11 12 30 14560.1
11 12 45 14272
11 12 0 14221.5
11 12 15 13911.9
11 12 30 14204.6
11 12 45 13940.1
11 12 0 13866.4
11 12 15 13580.7
11 12 30 13882.9
11 12 45 13608.2
11 12 0 13663.5
11 12 15 13382
11 12 30 13409
11 12 45 13679.7
11 12 0 13608.2
11 12 15 13882.9
11 12 30 13866.4
11 12 45 13882.9
11 12 0 13580.7
11 12 15 13882.9
11 12 30 13866.4
11 12 45 13608.2
