11 19 0 13838.1
11 19 15 13580.4
11 19 30 13580.4
11 19 45 13854.5
11 19 0 12940.5
11 19 15 12914.3
11 19 30 13186
11 19 45 13186
11 19 0 12823.7
11 19 15 12585
11 19 30 12839
11 19 45 12559.5
11 19 0 12693.9
11 19 15 12417.6
11 19 30 12678.8
11 19 45 12417.6
11 19 0 13041.1
11 19 15 13056.6
11 19 30 12772.4
11 19 45 13056.6
11 19 0 13153.8
11 19 15 13127.2
11 19 30 13419.3
11 19 45 13153.8
11 19 0 13782
11 19 15 13482
11 19 30 13509.3
11 19 45 13765.6
11 19 0 13836.8
11 19 15 14144.6
11 19 30 13864.8
11 19 45 14127.9
11 19 0 14797.5
11 19 15 14504.7
11 19 30 14779.9
11 19 45 14504.7
11 19 0 15214.6
11 19 15 14931.3
11 19 30 14901.2
11 19 45 15232.7
11 19 0 15002.4
11 19 15 15305.2
11 19 30 14972.1
11 19 45 15287.1
11 19 0 14931.3
11 19 15 15232.7
11 19 30 15214.6
11 19 45 14901.2
11 19 0 13935.9
11 19 15 13907.7
11 19 30 14200.3
11 19 45 14217.2
11 19 0 14575.8
11 19 15 14870
11 19 30 14546.4
11 19 45 14852.4
11 19 0 15087.6
11 19 15 14789.1
11 19 30 15069.7
11 19 45 14759.2
11 19 0 14688.3
11 19 15 14997.3
11 19 30 15015.1
11 19 45 14718
11 19 0 14789.1
11 19 15 15087.6
11 19 30 14759.2
11 19 45 15069.7
11 19 0 15185
11 19 15 15504.4
11 19 30 15522.8
11 19 45 15215.7
11 19 0 15255.9
11 19 15 15286.8
11 19 30 15576.9
11 19 45 15595.4
11 19 0 14901.2
11 19 15 14931.3
11 19 30 15214.6
11 19 45 15232.7
11 19 0 14575.8
11 19 15 14546.4
11 19 30 14852.4
11 19 45 14546.4
11 19 0 14333.5
11 19 15 14362.5
11 19 30 14635
11 19 45 14635
11 19 0 14575.8
11 19 15 14546.4
11 19 30 14852.4
11 19 45 14870
11 19 0 14546.4
11 19 15 14852.4
11 19 30 14870
11 19 45 14852.4
