11 28 0 17130.2
11 28 15 16777.3
11 28 30 17150.6
11 28 45 17130.2
11 28 0 16019.1
11 28 15 16323
11 28 30 15986.7
11 28 45 16342.4
11 28 0 15874.6
11 28 15 15547.5
11 28 30 15579
11 28 45 15893.5
11 28 0 15713.9
11 28 15 15695.2
11 28 30 15402.9
11 28 45 15371.9
11 28 0 15811.1
11 28 15 16143.6
11 28 30 16162.8
11 28 45 15843
11 28 0 16283.1
11 28 15 16611.8
11 28 30 16250.2
11 28 45 16592.1
11 28 0 16689.4
11 28 15 17040.5
11 28 30 16723.2
11 28 45 17060.8
11 28 0 17509.7
11 28 15 17128.6
11 28 30 17163.3
11 28 45 17488.9
11 28 0 18317.9
11 28 15 17955.4
11 28 30 18296.1
11 28 45 17919.2
11 28 0 18834.3
11 28 15 18483.5
11 28 30 18446.2
11 28 45 18856.6
11 28 0 18534.1
11 28 15 18923.9
11 28 30 18946.4
11 28 45 18571.6
11 28 0 18446.2
11 28 15 18856.6
11 28 30 18834.3
11 28 45 18483.5
11 28 0 17599.5
11 28 15 17216.5
11 28 30 17251.3
11 28 45 17578.6
11 28 0 18043.5
11 28 15 18007
11 28 30 18385.8
11 28 45 18007
11 28 0 18270.5
11 28 15 18307.5
11 28 30 18654.9
11 28 45 18677.1
11 28 0 18182.7
11 28 15 18565.2
11 28 30 18587.3
11 28 45 18219.5
11 28 0 18270.5
11 28 15 18677.1
11 28 30 18654.9
11 28 45 18307.5
11 28 0 19193
11 28 15 18797.6
11 28 30 18835.6
11 28 45 19215.8
11 28 0 18885.4
11 28 15 19282.7
11 28 30 18923.6
11 28 45 19305.6
11 28 0 18446.2
11 28 15 18483.5
11 28 30 18856.6
11 28 45 18856.6
11 28 0 18007
11 28 15 18407.7
11 28 30 18385.8
11 28 45 18043.5
11 28 0 18138.3
11 28 15 17743.5
11 28 30 18116.8
11 28 45 17779.4
11 28 0 18043.5
11 28 15 18407.7
11 28 30 18385.8
11 28 45 18007
11 28 0 18007
11 28 15 18385.8
11 28 30 18407.7
11 28 45 18043.5
