11 3 0 15147.7
11 3 15 15466.3
11 3 30 15466.3
11 3 45 15484.7
11 3 0 14433.9
11 3 15 14463.1
11 3 30 14463.1
11 3 45 14755.1
11 3 0 14349.7
11 3 15 14332.7
11 3 30 14037.4
11 3 45 14332.7
11 3 0 13878.8
11 3 15 14170.7
11 3 30 14187.6
11 3 45 13906.8
11 3 0 14275.3
11 3 15 14304.2
11 3 30 14575.6
11 3 45 14575.6
11 3 0 14980.5
11 3 15 14671.8
11 3 30 14998.3
11 3 45 14701.5
11 3 0 15068.4
11 3 15 15385.3
11 3 30 15403.6
11 3 45 15098.9
11 3 0 15809
11 3 15 15496.2
11 3 30 15790.2
11 3 45 15464.9
11 3 0 16211.4
11 3 15 16519
11 3 30 16178.7
11 3 45 16538.6
11 3 0 16654.5
11 3 15 17025.1
11 3 30 17004.9
11 3 45 17025.1
11 3 0 17106.1
11 3 15 16767.7
11 3 30 16733.8
11 3 45 17085.8
11 3 0 16654.5
11 3 15 17025.1
11 3 30 16688.2
11 3 45 17004.9
11 3 0 15544.2
11 3 15 15871.2
11 3 30 15890.1
11 3 45 15575.7
11 3 0 16258
11 3 15 16290.9
11 3 30 16619.7
11 3 45 16600
11 3 0 16862.9
11 3 15 16529.3
11 3 30 16842.9
11 3 45 16495.9
11 3 0 16416.6
11 3 15 16761.9
11 3 30 16449.8
11 3 45 16781.9
11 3 0 16529.3
11 3 15 16862.9
11 3 30 16495.9
11 3 45 16842.9
11 3 0 17006.1
11 3 15 17349.4
11 3 30 16971.7
11 3 45 17349.4
11 3 0 17051.1
11 3 15 17409.7
11 3 30 17430.4
11 3 45 17085.5
11 3 0 16654.5
11 3 15 17025.1
11 3 30 16688.2
11 3 45 17004.9
11 3 0 16619.7
11 3 15 16290.9
11 3 30 16600
11 3 45 16619.7
11 3 0 16376.5
11 3 15 16357.1
11 3 30 16020.1
11 3 45 16052.5
11 3 0 16258
11 3 15 16290.9
11 3 30 16600
11 3 45 16619.7
11 3 0 16290.9
11 3 15 16600
11 3 30 16619.7
11 3 45 16258
