11 23 0 17265.7
11 23 15 17230.9
11 23 30 17593.3
11 23 45 17593.3
11 23 0 16784.2
11 23 15 16418.9
11 23 30 16452.1
11 23 45 16784.2
11 23 0 16000.2
11 23 15 15967.9
11 23 30 16303.8
11 23 45 16323.1
11 23 0 15819.4
11 23 15 16138.7
11 23 30 15787.4
11 23 45 16138.7
11 23 0 16599.8
11 23 15 16580.1
11 23 30 16271.4
11 23 45 16271.4
11 23 0 17040.7
11 23 15 16723.3
11 23 30 16689.6
11 23 45 16689.6
11 23 0 17175.3
11 23 15 17140.6
11 23 30 17522
11 23 45 17501.2
11 23 0 17983.1
11 23 15 17627.3
11 23 30 17591.7
11 23 45 17961.8
11 23 0 18440.9
11 23 15 18813.1
11 23 30 18403.6
11 23 45 18790.8
11 23 0 18983.2
11 23 15 18944.9
11 23 30 19343.4
11 23 45 19366.4
11 23 0 19458.7
11 23 15 19035.1
11 23 30 19435.6
11 23 45 19035.1
11 23 0 18983.2
11 23 15 18944.9
11 23 30 19366.4
11 23 45 19343.4
11 23 0 18075.3
11 23 15 17717.7
11 23 30 17681.9
11 23 45 18053.9
11 23 0 18493.9
11 23 15 18905.3
11 23 30 18531.3
11 23 45 18882.9
11 23 0 19182
11 23 15 19159.2
11 23 30 18764.5
11 23 45 19159.2
11 23 0 19067.1
11 23 15 19089.8
11 23 30 18712.1
11 23 45 18674.3
11 23 0 19159.2
11 23 15 18764.5
11 23 30 19182
11 23 45 18802.5
11 23 0 19735.3
11 23 15 19711.9
11 23 30 19305.8
11 23 45 19344.8
11 23 0 19827.5
11 23 15 19804
11 23 30 19396
11 23 45 19435.2
11 23 0 19366.4
11 23 15 19343.4
11 23 30 18944.9
11 23 45 18983.2
11 23 0 18882.9
11 23 15 18905.3
11 23 30 18493.9
11 23 45 18531.3
11 23 0 18628.7
11 23 15 18606.6
11 23 30 18606.6
11 23 45 18260.1
11 23 0 18882.9
11 23 15 18531.3
11 23 30 18905.3
11 23 45 18493.9
11 23 0 18493.9
11 23 15 18905.3
11 23 30 18531.3
11 23 45 18882.9
