11 16 0 16438.4
11 16 15 16099.7
11 16 30 16457.9
11 16 45 16132.3
11 16 0 15372.1
11 16 15 15372.1
11 16 30 15341.1
11 16 45 15341.1
11 16 0 15233.5
11 16 15 15251.6
11 16 30 15233.5
11 16 45 14949.8
11 16 0 14751.1
11 16 15 15061.4
11 16 30 15079.3
11 16 45 15061.4
11 16 0 15172.5
11 16 15 15491.7
11 16 30 15510.1
11 16 45 15203.2
11 16 0 15940.9
11 16 15 15594
11 16 30 15922
11 16 45 15625.5
11 16 0 16371.8
11 16 15 16047.8
11 16 30 16015.4
11 16 45 16015.4
11 16 0 16782.6
11 16 15 16470.1
11 16 30 16802.6
11 16 45 16436.9
11 16 0 17578.1
11 16 15 17195.5
11 16 30 17230.3
11 16 45 17557.2
11 16 0 18095.1
11 16 15 17701.3
11 16 30 17737.1
11 16 45 18073.6
11 16 0 18159.7
11 16 15 18181.3
11 16 30 17785.6
11 16 45 17821.5
11 16 0 17701.3
11 16 15 18095.1
11 16 30 17737.1
11 16 45 17737.1
11 16 0 16868.7
11 16 15 16888.8
11 16 30 16521.2
11 16 45 16554.6
11 16 0 17643.3
11 16 15 17279.8
11 16 30 17314.8
11 16 45 17664.3
11 16 0 17901.5
11 16 15 17922.8
11 16 30 17901.5
11 16 45 17922.8
11 16 0 17836.6
11 16 15 17483.7
11 16 30 17448.4
11 16 45 17815.4
11 16 0 17568.1
11 16 15 17922.8
11 16 30 17901.5
11 16 45 17532.7
11 16 0 18417.9
11 16 15 18439.8
11 16 30 18074.9
11 16 45 18038.4
11 16 0 18159.4
11 16 15 18503.9
11 16 30 18122.7
11 16 45 18525.9
11 16 0 17737.1
11 16 15 18073.6
11 16 30 17701.3
11 16 45 17737.1
11 16 0 17314.8
11 16 15 17643.3
11 16 30 17279.8
11 16 45 17664.3
11 16 0 17405.8
11 16 15 17026.9
11 16 30 17061.4
11 16 45 17385.1
11 16 0 17314.8
11 16 15 17643.3
11 16 30 17279.8
11 16 45 17664.3
11 16 0 17643.3
11 16 15 17314.8
11 16 30 17279.8
11 16 45 17664.3
