11 14 0 15882
11 14 15 15586.2
11 14 30 15900.8
11 14 45 15900.8
11 14 0 15133.6
11 14 15 14821.8
11 14 30 15151.6
11 14 45 15133.6
11 14 0 14443.8
11 14 15 14414.6
11 14 30 14735.3
11 14 45 14443.8
11 14 0 14251.7
11 14 15 14568.8
11 14 30 14280.6
11 14 45 14551.5
11 14 0 14688.6
11 14 15 14658.9
11 14 30 14967.3
11 14 45 14658.9
11 14 0 15096.6
11 14 15 15066.1
11 14 30 15401.3
11 14 45 15383.1
11 14 0 15473.3
11 14 15 15798.8
11 14 30 15504.6
11 14 45 15817.6
11 14 0 15912.6
11 14 15 16233.8
11 14 30 16214.6
11 14 45 15880.5
11 14 0 16983.1
11 14 15 16647.1
11 14 30 16962.9
11 14 45 16613.5
11 14 0 17482.6
11 14 15 17461.8
11 14 30 17136.7
11 14 45 17102.1
11 14 0 17183.5
11 14 15 17565.9
11 14 30 17218.3
11 14 45 17545
11 14 0 17461.8
11 14 15 17102.1
11 14 30 17136.7
11 14 45 17482.6
11 14 0 15962
11 14 15 15994.2
11 14 30 16297.7
11 14 45 16317.1
11 14 0 17066.3
11 14 15 16728.7
11 14 30 17046.1
11 14 45 16694.9
11 14 0 17316.1
11 14 15 16939.2
11 14 30 17295.5
11 14 45 16973.5
11 14 0 17212.4
11 14 15 16891.9
11 14 30 16857.8
11 14 45 17232.8
11 14 0 17316.1
11 14 15 16939.2
11 14 30 16973.5
11 14 45 17295.5
11 14 0 17463.1
11 14 15 17815.6
11 14 30 17427.8
11 14 45 17794.5
11 14 0 17509.3
11 14 15 17898.9
11 14 30 17877.6
11 14 45 17544.7
11 14 0 17102.1
11 14 15 17482.6
11 14 30 17461.8
11 14 45 17102.1
11 14 0 16728.7
11 14 15 17046.1
11 14 30 17066.3
11 14 45 16728.7
11 14 0 16483.9
11 14 15 16450.6
11 14 30 16816.6
11 14 45 16796.6
11 14 0 17046.1
11 14 15 16728.7
11 14 30 16694.9
11 14 45 17066.3
11 14 0 16694.9
11 14 15 17046.1
11 14 30 16728.7
11 14 45 17066.3
