11 8 0 14751.9
11 8 15 15062.2
11 8 30 14751.9
11 8 45 15080.1
11 8 0 14085.2
11 8 15 14352.5
11 8 30 14085.2
11 8 45 14352.5
11 8 0 13670.6
11 8 15 13698.2
11 8 30 13958.2
11 8 45 13974.8
11 8 0 13816.8
11 8 15 13800.4
11 8 30 13543.5
11 8 45 13516.1
11 8 0 13930.4
11 8 15 14194.7
11 8 30 13902.3
11 8 45 13902.3
11 8 0 14317.4
11 8 15 14288.5
11 8 30 14589
11 8 45 14606.4
11 8 0 15001.1
11 8 15 14704.3
11 8 30 15001.1
11 8 45 15001.1
11 8 0 15377.6
11 8 15 15060.8
11 8 30 15091.3
11 8 45 15395.9
11 8 0 16106.5
11 8 15 15755.9
11 8 30 15787.8
11 8 45 16087.4
11 8 0 16219.3
11 8 15 16560.5
11 8 30 16580.2
11 8 45 16252.2
11 8 0 16639.4
11 8 15 16329.5
11 8 30 16659.2
11 8 45 16296.6
11 8 0 16580.2
11 8 15 16252.2
11 8 30 16560.5
11 8 45 16219.3
11 8 0 15138.1
11 8 15 15456.5
11 8 30 15474.9
11 8 45 15168.7
11 8 0 16185.4
11 8 15 15865.2
11 8 30 15833.2
11 8 45 16166.2
11 8 0 16422.3
11 8 15 16402.8
11 8 30 16097.4
11 8 45 16064.9
11 8 0 15987.6
11 8 15 16324
11 8 30 16343.4
11 8 45 16020
11 8 0 16064.9
11 8 15 16422.3
11 8 30 16097.4
11 8 45 16064.9
11 8 0 16528.3
11 8 15 16876
11 8 30 16896
11 8 45 16561.7
11 8 0 16954.8
11 8 15 16639.1
11 8 30 16605.5
11 8 45 16975
11 8 0 16219.3
11 8 15 16252.2
11 8 30 16580.2
11 8 45 16560.5
11 8 0 15865.2
11 8 15 16185.4
11 8 30 15833.2
11 8 45 16166.2
11 8 0 15601.5
11 8 15 15948.6
11 8 30 15929.7
11 8 45 15633
11 8 0 16166.2
11 8 15 15833.2
11 8 30 16185.4
11 8 45 15865.2
11 8 0 15865.2
11 8 15 16166.2
11 8 30 15833.2
11 8 45 16185.4
