11 6 0 14965.7
11 6 15 14996
11 6 30 15280.5
11 6 45 15280.5
11 6 0 14289.3
11 6 15 14260.5
11 6 30 14260.5
11 6 45 14577.8
11 6 0 13868.7
11 6 15 14160.5
11 6 30 13896.8
11 6 45 13896.8
11 6 0 13739.7
11 6 15 13712
11 6 30 14017.1
11 6 45 14017.1
11 6 0 14132.3
11 6 15 14103.8
11 6 30 14400.5
11 6 45 14400.5
11 6 0 14818.1
11 6 15 14524.9
11 6 30 14495.6
11 6 45 14800.5
11 6 0 15218.6
11 6 15 14887.3
11 6 30 15200.5
11 6 45 14917.4
11 6 0 15310
11 6 15 15619
11 6 30 15600.5
11 6 45 15279.1
11 6 0 16339.9
11 6 15 15984.3
11 6 30 16016.6
11 6 45 16320.5
11 6 0 16487.7
11 6 15 16820.5
11 6 30 16800.5
11 6 45 16454.4
11 6 0 16532.8
11 6 15 16566.2
11 6 30 16880.5
11 6 45 16900.6
11 6 0 16800.5
11 6 15 16454.4
11 6 30 16820.5
11 6 45 16487.7
11 6 0 15388.5
11 6 15 15699.1
11 6 30 15680.5
11 6 45 15357.5
11 6 0 16095.1
11 6 15 16062.6
11 6 30 16420
11 6 45 16400.5
11 6 0 16330.7
11 6 15 16297.7
11 6 30 16640.5
11 6 45 16660.3
11 6 0 16219.4
11 6 15 16560.5
11 6 30 16580.2
11 6 45 16252.2
11 6 0 16640.5
11 6 15 16330.7
11 6 30 16660.3
11 6 45 16297.7
11 6 0 17140.9
11 6 15 17120.6
11 6 30 16767.8
11 6 45 16801.7
11 6 0 17200.6
11 6 15 16846.2
11 6 30 17221
11 6 45 16880.3
11 6 0 16487.7
11 6 15 16454.4
11 6 30 16820.5
11 6 45 16800.5
11 6 0 16062.6
11 6 15 16400.5
11 6 30 16095.1
11 6 45 16420
11 6 0 16179.7
11 6 15 16160.5
11 6 30 15827.6
11 6 45 15859.6
11 6 0 16095.1
11 6 15 16420
11 6 30 16400.5
11 6 45 16062.6
11 6 0 16420
11 6 15 16062.6
11 6 30 16095.1
11 6 45 16400.5
