11 2 0 15055.1
11 2 15 15037.2
11 2 30 14757.2
11 2 45 14757.2
11 2 0 14345.7
11 2 15 14033.4
11 2 30 14061.8
11 2 45 14328.6
11 2 0 13935
11 2 15 13675.5
11 2 30 13935
11 2 45 13647.9
11 2 0 13777.5
11 2 15 13493.7
11 2 30 13521
11 2 45 13493.7
11 2 0 13907.3
11 2 15 13879.2
11 2 30 14171.2
11 2 45 14188
11 2 0 14264.8
11 2 15 14293.6
11 2 30 14564.8
11 2 45 14582.1
11 2 0 14679.9
11 2 15 14650.3
11 2 30 14958.5
11 2 45 14976.3
11 2 0 15352.1
11 2 15 15370.4
11 2 30 15035.8
11 2 45 15035.8
11 2 0 16060.7
11 2 15 15729.8
11 2 30 15761.6
11 2 45 16079.8
11 2 0 16192.4
11 2 15 16552.7
11 2 30 16533.1
11 2 45 16552.7
11 2 0 16631.5
11 2 15 16269.5
11 2 30 16611.8
11 2 45 16302.5
11 2 0 16225.2
11 2 15 16192.4
11 2 30 16552.7
11 2 45 16225.2
11 2 0 15430.9
11 2 15 15143.5
11 2 30 15449.2
11 2 45 15112.9
11 2 0 16158.6
11 2 15 15838.9
11 2 30 16158.6
11 2 45 16158.6
11 2 0 16395.1
11 2 15 16038.2
11 2 30 16070.7
11 2 45 16375.6
11 2 0 16316.2
11 2 15 16296.9
11 2 30 15993.4
11 2 45 15961.1
11 2 0 16375.6
11 2 15 16395.1
11 2 30 16070.7
11 2 45 16375.6
11 2 0 16868
11 2 15 16500.9
11 2 30 16534.2
11 2 45 16848
11 2 0 16611.5
11 2 15 16926.7
11 2 30 16578
11 2 45 16946.8
11 2 0 16533.1
11 2 15 16225.2
11 2 30 16192.4
11 2 45 16552.7
11 2 0 15838.9
11 2 15 16158.6
11 2 30 16139.4
11 2 45 15806.9
11 2 0 15922.1
11 2 15 15575.6
11 2 30 15607.1
11 2 45 15575.6
11 2 0 15838.9
11 2 15 16139.4
11 2 30 16158.6
11 2 45 15806.9
11 2 0 15806.9
11 2 15 16158.6
11 2 30 15838.9
11 2 45 16139.4
