11 17 0 17006.2
11 17 15 16636.1
11 17 30 16986
11 17 45 16986
11 17 0 15884.2
11 17 15 16204.9
11 17 30 15852.2
11 17 45 16204.9
11 17 0 15416.7
11 17 15 15759.7
11 17 30 15741
11 17 45 15416.7
11 17 0 15581.6
11 17 15 15273.3
11 17 30 15273.3
11 17 45 15242.5
11 17 0 16007.8
11 17 15 16026.8
11 17 30 15709.7
11 17 45 15678
11 17 0 16146.1
11 17 15 16472
11 17 30 16452.4
11 17 45 16146.1
11 17 0 16549
11 17 15 16917.2
11 17 30 16582.5
11 17 45 16897.1
11 17 0 16984.5
11 17 15 17018.8
11 17 30 17018.8
11 17 45 17341.8
11 17 0 18142.2
11 17 15 17804.3
11 17 30 17768.4
11 17 45 18163.7
11 17 0 18675.7
11 17 15 18291
11 17 30 18697.9
11 17 45 18328
11 17 0 18787
11 17 15 18415.3
11 17 30 18378.1
11 17 45 18764.7
11 17 0 18697.9
11 17 15 18675.7
11 17 30 18291
11 17 45 18291
11 17 0 17451.4
11 17 15 17071.6
11 17 30 17106.1
11 17 45 17430.7
11 17 0 17855.5
11 17 15 17891.6
11 17 30 18252.8
11 17 45 18231.1
11 17 0 18153.4
11 17 15 18497.9
11 17 30 18519.9
11 17 45 18116.8
11 17 0 18029.7
11 17 15 18066.2
11 17 30 18408.9
11 17 45 18430.8
11 17 0 18116.8
11 17 15 18153.4
11 17 30 18519.9
11 17 45 18497.9
11 17 0 19031.5
11 17 15 18677.1
11 17 30 18639.4
11 17 45 19031.5
11 17 0 18726.5
11 17 15 19120.4
11 17 30 18764.4
11 17 45 19143.1
11 17 0 18675.7
11 17 15 18697.9
11 17 30 18291
11 17 45 18697.9
11 17 0 17855.5
11 17 15 18252.8
11 17 30 18231.1
11 17 45 17891.6
11 17 0 17964.3
11 17 15 17594.2
11 17 30 17629.8
11 17 45 17985.6
11 17 0 17855.5
11 17 15 17891.6
11 17 30 18231.1
11 17 45 18252.8
11 17 0 18252.8
11 17 15 17891.6
11 17 30 17855.5
11 17 45 18231.1
