11 22 0 17693.4
11 22 15 17672.4
11 22 30 17343.3
11 22 45 17672.4
11 22 0 16859.7
11 22 15 16839.6
11 22 30 16492.7
11 22 45 16492.7
11 22 0 16396.5
11 22 15 16072.1
11 22 30 16377
11 22 45 16039.6
11 22 0 15890.5
11 22 15 16211.2
11 22 30 16192
11 22 45 15858.4
11 22 0 16674.4
11 22 15 16311.5
11 22 30 16654.6
11 22 45 16344.5
11 22 0 16764.6
11 22 15 16798.5
11 22 30 17117.2
11 22 45 17137.6
11 22 0 17600.7
11 22 15 17252.5
11 22 30 17217.7
11 22 45 17579.9
11 22 0 18063.9
11 22 15 17706.5
11 22 30 17670.8
11 22 45 17706.5
11 22 0 18523.7
11 22 15 18875.2
11 22 30 18897.6
11 22 45 18875.2
11 22 0 19430.4
11 22 15 19030.1
11 22 30 19453.5
11 22 45 19068.5
11 22 0 19120.7
11 22 15 19522.9
11 22 30 19159.3
11 22 45 19159.3
11 22 0 19453.5
11 22 15 19030.1
11 22 30 19430.4
11 22 45 19068.5
11 22 0 17797.3
11 22 15 18135
11 22 30 17761.4
11 22 45 17761.4
11 22 0 18990.3
11 22 15 18614.5
11 22 30 18577
11 22 45 18990.3
11 22 0 18848.8
11 22 15 19268.2
11 22 30 18886.9
11 22 45 19245.3
11 22 0 18796.1
11 22 15 19175.6
11 22 30 18758.2
11 22 45 19152.8
11 22 0 18886.9
11 22 15 19268.2
11 22 30 19245.3
11 22 45 18848.8
11 22 0 19431.8
11 22 15 19392.5
11 22 30 19824
11 22 45 19800.5
11 22 0 19916.6
11 22 15 19483.2
11 22 30 19522.6
11 22 45 19893
11 22 0 19453.5
11 22 15 19430.4
11 22 30 19030.1
11 22 45 19430.4
11 22 0 18990.3
11 22 15 18967.7
11 22 30 18614.5
11 22 45 18577
11 22 0 18305.1
11 22 15 18690.2
11 22 30 18342.1
11 22 45 18712.4
11 22 0 18967.7
11 22 15 18577
11 22 30 18990.3
11 22 45 18614.5
11 22 0 18990.3
11 22 15 18967.7
11 22 30 18577
11 22 45 18614.5
