11 20 0 16943.2
11 20 15 17320.2
11 20 30 16977.5
11 20 45 16977.5
11 20 0 16144.8
11 20 15 16484.4
11 20 30 16177.5
11 20 45 16484.4
11 20 0 15733
11 20 15 15701.3
11 20 30 15701.3
11 20 45 16050.6
11 20 0 15869.3
11 20 15 15523.9
11 20 30 15555.3
11 20 45 15869.3
11 20 0 15999.7
11 20 15 15967.4
11 20 30 16303.3
11 20 45 16303.3
11 20 0 16444.1
11 20 15 16756.2
11 20 30 16776.1
11 20 45 16410.9
11 20 0 17209
11 20 15 16854.5
11 20 30 17229.5
11 20 45 17209
11 20 0 17298
11 20 15 17333
11 20 30 17682.9
11 20 45 17333
11 20 0 18096.4
11 20 15 18133
11 20 30 18477.1
11 20 45 18499
11 20 0 19043.1
11 20 15 18666.3
11 20 30 18628.6
11 20 45 19020.5
11 20 0 19133.8
11 20 15 19111.1
11 20 30 18717.4
11 20 45 18755.2
11 20 0 18628.6
11 20 15 19043.1
11 20 30 18666.3
11 20 45 19020.5
11 20 0 17386.7
11 20 15 17773.6
11 20 30 17421.9
11 20 45 17752.5
11 20 0 18185.1
11 20 15 18567.6
11 20 30 18221.9
11 20 45 18567.6
11 20 0 18861.8
11 20 15 18488.6
11 20 30 18451.2
11 20 45 18839.4
11 20 0 18748.8
11 20 15 18362.5
11 20 30 18771.1
11 20 45 18399.7
11 20 0 18451.2
11 20 15 18839.4
11 20 30 18861.8
11 20 45 18488.6
11 20 0 19021.9
11 20 15 19382.8
11 20 30 19405.8
11 20 45 18983.5
11 20 0 19072.2
11 20 15 19110.8
11 20 30 19473.4
11 20 45 19496.5
11 20 0 18628.6
11 20 15 19043.1
11 20 30 19020.5
11 20 45 18666.3
11 20 0 18221.9
11 20 15 18589.7
11 20 30 18185.1
11 20 45 18589.7
11 20 0 17919
11 20 15 17955.2
11 20 30 18295.9
11 20 45 18317.7
11 20 0 18185.1
11 20 15 18221.9
11 20 30 18589.7
11 20 45 18567.6
11 20 0 18589.7
11 20 15 18567.6
11 20 30 18185.1
11 20 45 18221.9
