11 5 0 12500.8
11 5 15 12475.6
11 5 30 12753.1
11 5 45 12475.6
11 5 0 11911.8
11 5 15 12152.2
11 5 30 12152.2
11 5 45 12137.8
11 5 0 11584.5
11 5 15 11818.4
11 5 30 11561.1
11 5 45 11561.1
11 5 0 11670.9
11 5 15 11453.6
11 5 30 11430.5
11 5 45 11670.9
11 5 0 12018.7
11 5 15 11757.1
11 5 30 12004.4
11 5 45 12004.4
11 5 0 12083.7
11 5 15 12108.1
11 5 30 12108.1
11 5 45 12352.5
11 5 0 12410.3
11 5 15 12671.3
11 5 30 12435.4
11 5 45 12686.4
11 5 0 13020.2
11 5 15 12762.6
11 5 30 12736.8
11 5 45 13004.8
11 5 0 13621.2
11 5 15 13605
11 5 30 13324.7
11 5 45 13351.6
11 5 0 14005.1
11 5 15 13716.6
11 5 30 13744.3
11 5 45 14021.8
11 5 0 14071.8
11 5 15 13781.9
11 5 30 13809.8
11 5 45 14088.6
11 5 0 14021.8
11 5 15 13716.6
11 5 30 13744.3
11 5 45 14005.1
11 5 0 12802.2
11 5 15 13087
11 5 30 13071.5
11 5 45 12828.1
11 5 0 13671.7
11 5 15 13687.9
11 5 30 13390
11 5 45 13417.1
11 5 0 13871.8
11 5 15 13586
11 5 30 13888.2
11 5 45 13613.4
11 5 0 13520.6
11 5 15 13821.5
11 5 30 13805.1
11 5 45 13548
11 5 0 13871.8
11 5 15 13613.4
11 5 30 13586
11 5 45 13888.2
11 5 0 13977.9
11 5 15 14006.1
11 5 30 14271.9
11 5 45 13977.9
11 5 0 14043.2
11 5 15 14071.6
11 5 30 14338.6
11 5 45 14355.6
11 5 0 13744.3
11 5 15 14021.8
11 5 30 14005.1
11 5 45 13716.6
11 5 0 13671.7
11 5 15 13390
11 5 30 13687.9
11 5 45 13417.1
11 5 0 13194.1
11 5 15 13487.6
11 5 30 13220.7
11 5 45 13471.6
11 5 0 13417.1
11 5 15 13671.7
11 5 30 13390
11 5 45 13687.9
11 5 0 13687.9
11 5 15 13417.1
11 5 30 13390
11 5 45 13671.7
