11 26 0 17767.5
11 26 15 17380.8
11 26 30 17746.4
11 26 45 17416
11 26 0 16595.3
11 26 15 16930.3
11 26 30 16595.3
11 26 45 16910.2
11 26 0 16445.6
11 26 15 16139.4
11 26 30 16106.8
11 26 45 16465.2
11 26 0 15957
11 26 15 16279.1
11 26 30 16259.8
11 26 45 15924.8
11 26 0 16413
11 26 15 16379.8
11 26 30 16724.4
11 26 45 16724.4
11 26 0 16868.9
11 26 15 16834.8
11 26 30 17189
11 26 45 16834.8
11 26 0 17324.8
11 26 15 17289.8
11 26 30 17674.5
11 26 45 17653.5
11 26 0 18139.6
11 26 15 17780.7
11 26 30 18118.1
11 26 45 17744.8
11 26 0 18601.3
11 26 15 18976.8
11 26 30 18954.3
11 26 45 18976.8
11 26 0 19535
11 26 15 19148.4
11 26 30 19109.8
11 26 45 19109.8
11 26 0 19628
11 26 15 19604.7
11 26 30 19200.8
11 26 45 19239.6
11 26 0 19535
11 26 15 19148.4
11 26 30 19109.8
11 26 45 19511.8
11 26 0 17835.8
11 26 15 17871.9
11 26 30 18232.6
11 26 45 18211
11 26 0 18692.5
11 26 15 19069.9
11 26 30 18654.8
11 26 45 19047.2
11 26 0 19326
11 26 15 18966.1
11 26 30 19348.9
11 26 45 19348.9
11 26 0 18874.9
11 26 15 19255.9
11 26 30 18836.8
11 26 45 19233
11 26 0 18927.8
11 26 15 18966.1
11 26 30 19326
11 26 45 19326
11 26 0 19473.8
11 26 15 19883.4
11 26 30 19907.1
11 26 45 19473.8
11 26 0 19604.4
11 26 15 20000.1
11 26 30 19564.8
11 26 45 19976.3
11 26 0 19148.4
11 26 15 19511.8
11 26 30 19109.8
11 26 45 19535
11 26 0 19047.2
11 26 15 18692.5
11 26 30 18654.8
11 26 45 19069.9
11 26 0 18790.8
11 26 15 18381.8
11 26 30 18768.5
11 26 45 18419
11 26 0 18692.5
11 26 15 18654.8
11 26 30 19069.9
11 26 45 19047.2
11 26 0 19047.2
11 26 15 19069.9
11 26 30 18692.5
11 26 45 18654.8
