11 24 0 17448.3
11 24 15 17815.3
11 24 30 17483.6
11 24 45 17815.3
11 24 0 16626.1
11 24 15 16659.7
11 24 30 16996
11 24 45 16996
11 24 0 16529.1
11 24 15 16169.3
11 24 30 16509.5
11 24 45 16202
11 24 0 16342.3
11 24 15 15986.6
11 24 30 16322.9
11 24 45 16322.9
11 24 0 16809.2
11 24 15 16476.7
11 24 30 16443.4
11 24 45 16789.3
11 24 0 17255.7
11 24 15 17276.2
11 24 30 16934.3
11 24 45 16900.2
11 24 0 17722
11 24 15 17356.9
11 24 30 17392
11 24 45 17743.1
11 24 0 18188.4
11 24 15 17849.7
11 24 30 17813.7
11 24 45 18210
11 24 0 19027.9
11 24 15 18635.8
11 24 30 18673.5
11 24 45 19050.5
11 24 0 19222.8
11 24 15 19587.5
11 24 30 19610.8
11 24 45 19222.8
11 24 0 19314.3
11 24 15 19275.3
11 24 30 19704.2
11 24 45 19680.8
11 24 0 19610.8
11 24 15 19184
11 24 30 19222.8
11 24 45 19587.5
11 24 0 18281.7
11 24 15 18303.4
11 24 30 17941.2
11 24 45 17905
11 24 0 18727.2
11 24 15 18765.1
11 24 30 19121.1
11 24 45 18727.2
11 24 0 19424
11 24 15 19039.7
11 24 30 19001.3
11 24 45 19401
11 24 0 19330.6
11 24 15 18909.9
11 24 30 18948.1
11 24 45 18948.1
11 24 0 19424
11 24 15 19401
11 24 30 19039.7
11 24 45 19001.3
11 24 0 19588.9
11 24 15 19549.4
11 24 30 19960.6
11 24 45 19984.3
11 24 0 20053.9
11 24 15 19640.7
11 24 30 19680.4
11 24 45 20077.7
11 24 0 19587.5
11 24 15 19184
11 24 30 19222.8
11 24 45 19610.8
11 24 0 18765.1
11 24 15 19143.9
11 24 30 18727.2
11 24 45 19121.1
11 24 0 18453.1
11 24 15 18841.3
11 24 30 18863.7
11 24 45 18863.7
11 24 0 19121.1
11 24 15 18727.2
11 24 30 18765.1
11 24 45 18727.2
11 24 0 19143.9
11 24 15 18727.2
11 24 30 19121.1
11 24 45 18765.1
