11 29 0 14259.7
11 29 15 14242.8
11 29 30 13949.3
11 29 45 13977.6
11 29 0 13318.9
11 29 15 13587.8
11 29 30 13292
11 29 45 13571.7
11 29 0 12953
11 29 15 13214.5
11 29 30 12926.9
11 29 45 12953
11 29 0 12806.7
11 29 15 12780.8
11 29 30 13065.2
11 29 45 13065.2
11 29 0 13146
11 29 15 13422.5
11 29 30 13172.6
11 29 45 13422.5
11 29 0 13538.5
11 29 15 13795.4
11 29 30 13811.8
11 29 45 13511.1
11 29 0 13904.4
11 29 15 14185.1
11 29 30 14168.2
11 29 45 14185.1
11 29 0 14558.3
11 29 15 14541.1
11 29 30 14270.3
11 29 45 14241.5
11 29 0 15230.3
11 29 15 14898.8
11 29 30 14928.9
11 29 45 15212.2
11 29 0 15659.6
11 29 15 15337
11 29 30 15678.2
11 29 45 15368
11 29 0 15441.2
11 29 15 15752.9
11 29 30 15734.2
11 29 45 15410
11 29 0 15659.6
11 29 15 15678.2
11 29 30 15337
11 29 45 15368
11 29 0 14615.6
11 29 15 14343.5
11 29 30 14314.5
11 29 45 14615.6
11 29 0 14971.8
11 29 15 15286.8
11 29 30 15002.1
11 29 45 15286.8
11 29 0 15510.5
11 29 15 15528.9
11 29 30 15221.6
11 29 45 15190.9
11 29 0 15454.2
11 29 15 15117.9
11 29 30 15435.9
11 29 45 15454.2
11 29 0 15190.9
11 29 15 15528.9
11 29 30 15510.5
11 29 45 15221.6
11 29 0 15976.8
11 29 15 15629.1
11 29 30 15957.9
11 29 45 15660.7
11 29 0 16032.4
11 29 15 16051.5
11 29 30 15733.9
11 29 45 15733.9
11 29 0 15678.2
11 29 15 15659.6
11 29 30 15337
11 29 45 15368
11 29 0 15304.9
11 29 15 15286.8
11 29 30 15002.1
11 29 45 14971.8
11 29 0 15080.9
11 29 15 14752.7
11 29 30 15063
11 29 45 14782.6
11 29 0 15304.9
11 29 15 14971.8
11 29 30 15002.1
11 29 45 15286.8
11 29 0 15286.8
11 29 15 15304.9
11 29 30 14971.8
11 29 45 15002.1
