11 25 0 14794.1
11 25 15 14794.1
11 25 30 14764.3
11 25 45 15092.8
11 25 0 14068.6
11 25 15 14381.6
11 25 30 14097
11 25 45 14364.5
11 25 0 13969.9
11 25 15 13682.1
11 25 30 13986.5
11 25 45 13969.9
11 25 0 13527.5
11 25 15 13554.8
11 25 30 13812
11 25 45 13554.8
11 25 0 14206.7
11 25 15 14223.5
11 25 30 13914
11 25 45 13942.1
11 25 0 14601.3
11 25 15 14329.4
11 25 30 14300.5
11 25 45 14618.6
11 25 0 14716.7
11 25 15 14687
11 25 30 15013.7
11 25 45 15013.7
11 25 0 15103.9
11 25 15 15073.5
11 25 30 15390.5
11 25 45 15408.8
11 25 0 15801.1
11 25 15 16120
11 25 30 15769.2
11 25 45 16100.9
11 25 0 16265.8
11 25 15 16233
11 25 30 16594.1
11 25 45 16594.1
11 25 0 16673.1
11 25 15 16653.4
11 25 30 16310.3
11 25 45 16343.2
11 25 0 16574.4
11 25 15 16594.1
11 25 30 16233
11 25 45 16265.8
11 25 0 15487.9
11 25 15 15150.8
11 25 30 15469.5
11 25 45 15181.4
11 25 0 16179.8
11 25 15 16199
11 25 30 15878.5
11 25 45 15846.5
11 25 0 16078.4
11 25 15 16416.6
11 25 30 16436.1
11 25 45 16110.9
11 25 0 16033.4
11 25 15 16357.1
11 25 30 16001.1
11 25 45 16337.6
11 25 0 16436.1
11 25 15 16078.4
11 25 30 16110.9
11 25 45 16416.6
11 25 0 16910.2
11 25 15 16890.1
11 25 30 16542.2
11 25 45 16575.6
11 25 0 16653.1
11 25 15 16989.2
11 25 30 16619.5
11 25 45 16969.1
11 25 0 16574.4
11 25 15 16594.1
11 25 30 16233
11 25 45 16265.8
11 25 0 16199
11 25 15 15878.5
11 25 30 16179.8
11 25 45 15846.5
11 25 0 15614.6
11 25 15 15646.1
11 25 30 15962
11 25 45 15614.6
11 25 0 15878.5
11 25 15 16199
11 25 30 15846.5
11 25 45 16179.8
11 25 0 15878.5
11 25 15 16199
11 25 30 15846.5
11 25 45 16179.8
