11 7 0 15232
11 7 15 14930.6
11 7 30 15232
11 7 45 15213.9
11 7 0 14497
11 7 15 14198.3
11 7 30 14198.3
11 7 45 14497
11 7 0 13836.2
11 7 15 14115.5
11 7 30 13836.2
11 7 45 14115.5
11 7 0 13652.3
11 7 15 13956
11 7 30 13679.9
11 7 45 13652.3
11 7 0 14354.7
11 7 15 14337.7
11 7 30 14070.7
11 7 45 14042.3
11 7 0 14432.4
11 7 15 14736
11 7 30 14461.6
11 7 45 14432.4
11 7 0 14822.4
11 7 15 15134.2
11 7 30 14852.4
11 7 45 15152.2
11 7 0 15243.3
11 7 15 15212.5
11 7 30 15532.5
11 7 45 15551
11 7 0 15946.8
11 7 15 15914.6
11 7 30 16249.4
11 7 45 16268.7
11 7 0 16415.8
11 7 15 16382.7
11 7 30 16727.3
11 7 45 16747.2
11 7 0 16460.7
11 7 15 16827
11 7 30 16494
11 7 45 16807
11 7 0 16382.7
11 7 15 16747.2
11 7 30 16415.8
11 7 45 16727.3
11 7 0 15290.5
11 7 15 15612.2
11 7 30 15630.7
11 7 45 15321.5
11 7 0 16348.5
11 7 15 16329.1
11 7 30 16025
11 7 45 15992.6
11 7 0 16587.7
11 7 15 16568
11 7 30 16226.7
11 7 45 16259.5
11 7 0 16181.3
11 7 15 16488.4
11 7 30 16508
11 7 45 16148.7
11 7 0 16226.7
11 7 15 16259.5
11 7 30 16568
11 7 45 16259.5
11 7 0 16694.8
11 7 15 16728.5
11 7 30 17066.2
11 7 45 17045.9
11 7 0 17145.9
11 7 15 17125.6
11 7 30 16772.8
11 7 45 17145.9
11 7 0 16727.3
11 7 15 16415.8
11 7 30 16747.2
11 7 45 16382.7
11 7 0 16348.5
11 7 15 16329.1
11 7 30 16329.1
11 7 45 15992.6
11 7 0 15790.5
11 7 15 15758.6
11 7 30 16090.1
11 7 45 16109.2
11 7 0 16025
11 7 15 16348.5
11 7 30 15992.6
11 7 45 16329.1
11 7 0 16025
11 7 15 15992.6
11 7 30 16329.1
11 7 45 16348.5
