2 9 0 18589.8
2 9 15 18965
2 9 30 18552.2
2 9 45 18965
2 9 0 18269.4
2 9 15 18291.1
2 9 30 17893
2 9 45 17893
2 9 0 17457.4
2 9 15 17422.1
2 9 30 17788.6
2 9 45 17788.6
2 9 0 17139.6
2 9 15 17500.2
2 9 30 17174.3
2 9 45 17174.3
2 9 0 17233.8
2 9 15 17617.2
2 9 30 17617.2
2 9 45 17268.7
2 9 0 17422.1
2 9 15 17788.6
2 9 30 17457.4
2 9 45 17457.4
2 9 0 18077.1
2 9 15 18098.6
2 9 30 17704.7
2 9 45 17740.5
2 9 0 18269.4
2 9 15 17929.2
2 9 30 18291.1
2 9 45 17893
2 9 0 19231
2 9 15 18834.8
2 9 30 19253.8
2 9 45 19231
2 9 0 20192.5
2 9 15 20216.5
2 9 30 19816.5
2 9 45 19776.5
2 9 0 20288.3
2 9 15 20247.4
2 9 30 20697.9
2 9 45 20673.3
2 9 0 20216.5
2 9 15 19816.5
2 9 30 20216.5
2 9 45 19776.5
2 9 0 18834.8
2 9 15 18872.9
2 9 30 19253.8
2 9 45 19231
2 9 0 19711.7
2 9 15 19735.2
2 9 30 19344.7
2 9 45 19305.6
2 9 0 20024
2 9 15 19588.1
2 9 30 19627.8
2 9 45 20000.2
2 9 0 19399.8
2 9 15 19439
2 9 30 19831.4
2 9 45 19807.9
2 9 0 20000.2
2 9 15 20024
2 9 30 19588.1
2 9 45 19627.8
2 9 0 19711.7
2 9 15 19344.7
2 9 30 19735.2
2 9 45 19344.7
2 9 0 19735.2
2 9 15 19711.7
2 9 30 19305.6
2 9 45 19344.7
2 9 0 19250.3
2 9 15 19211.5
2 9 30 19638.9
2 9 45 19615.6
2 9 0 20000.2
2 9 15 19588.1
2 9 30 20024
2 9 45 19627.8
2 9 0 18772.5
2 9 15 18363.9
2 9 30 18401
2 9 45 18750.2
2 9 0 19519.4
2 9 15 19155.9
2 9 30 19117.3
2 9 45 19542.6
2 9 0 19904
2 9 15 19533.4
2 9 30 19494
2 9 45 19927.7
