2 5 0 14721.7
2 5 15 15031.4
2 5 30 14721.7
2 5 45 15049.3
2 5 0 14227.3
2 5 15 14497.3
2 5 30 14514.5
2 5 45 14198.6
2 5 0 14115.8
2 5 15 13852.9
2 5 30 14132.6
2 5 45 14115.8
2 5 0 13886.9
2 5 15 13628.3
2 5 30 13903.4
2 5 45 13600.8
2 5 0 13963.2
2 5 15 13675.5
2 5 30 13979.8
2 5 45 13703.2
2 5 0 14132.6
2 5 15 13825
2 5 30 14115.8
2 5 45 13825
2 5 0 14049.2
2 5 15 14077.6
2 5 30 14361.8
2 5 45 14077.6
2 5 0 14497.3
2 5 15 14514.5
2 5 30 14198.6
2 5 45 14227.3
2 5 0 15260.3
2 5 15 14945.9
2 5 30 15278.5
2 5 45 14976.2
2 5 0 16042.4
2 5 15 16023.3
2 5 30 15693.2
2 5 45 15725
2 5 0 16404.8
2 5 15 16424.3
2 5 30 16099.4
2 5 45 16404.8
2 5 0 15693.2
2 5 15 16042.4
2 5 30 16023.3
2 5 45 15725
2 5 0 15260.3
2 5 15 14976.2
2 5 30 14945.9
2 5 45 15278.5
2 5 0 15350.6
2 5 15 15319.6
2 5 30 15641.8
2 5 45 15660.4
2 5 0 15870.7
2 5 15 15543.8
2 5 30 15575.2
2 5 45 15543.8
2 5 0 15718.1
2 5 15 15425.4
2 5 30 15394.3
2 5 45 15736.8
2 5 0 15575.2
2 5 15 15870.7
2 5 30 15543.8
2 5 45 15889.6
2 5 0 15641.8
2 5 15 15319.6
2 5 30 15660.4
2 5 45 15350.6
2 5 0 15660.4
2 5 15 15319.6
2 5 30 15641.8
2 5 45 15350.6
2 5 0 15244.8
2 5 15 15584
2 5 30 15565.5
2 5 45 15275.7
2 5 0 15543.8
2 5 15 15575.2
2 5 30 15870.7
2 5 45 15889.6
2 5 0 14878.8
2 5 15 14601.8
2 5 30 14896.5
2 5 45 14572.3
2 5 0 15170.1
2 5 15 15489.2
2 5 30 15507.6
2 5 45 15200.8
2 5 0 15794.4
2 5 15 15500.3
2 5 30 15813.2
2 5 45 15469
