2 24 0 17652.9
2 24 15 17617.2
2 24 30 18009.2
2 24 45 17652.9
2 24 0 17369.3
2 24 15 17348.7
2 24 30 16991.2
2 24 45 16991.2
2 24 0 16892.1
2 24 15 16544.1
2 24 30 16577.6
2 24 45 16892.1
2 24 0 16275.8
2 24 15 16618.2
2 24 30 16618.2
2 24 45 16308.7
2 24 0 16709.5
2 24 15 16729.4
2 24 30 16365.2
2 24 45 16398.3
2 24 0 16544.1
2 24 15 16577.6
2 24 30 16892.1
2 24 45 16577.6
2 24 0 17166
2 24 15 16846.4
2 24 30 17186.4
2 24 45 16812.4
2 24 0 17348.7
2 24 15 17369.3
2 24 30 16991.2
2 24 45 17369.3
2 24 0 17885.5
2 24 15 18261.7
2 24 30 17921.7
2 24 45 18283.4
2 24 0 18817.8
2 24 15 18779.8
2 24 30 19174.8
2 24 45 19197.6
2 24 0 19654.7
2 24 15 19631.4
2 24 30 19265.8
2 24 45 19226.9
2 24 0 18779.8
2 24 15 19174.8
2 24 30 19197.6
2 24 45 18817.8
2 24 0 18261.7
2 24 15 17921.7
2 24 30 17885.5
2 24 45 17921.7
2 24 0 18369.7
2 24 15 18740.5
2 24 30 18718.3
2 24 45 18740.5
2 24 0 18638.6
2 24 15 18600.9
2 24 30 18992.2
2 24 45 19014.8
2 24 0 18832
2 24 15 18459.3
2 24 30 18422.1
2 24 45 18809.6
2 24 0 18638.6
2 24 15 18992.2
2 24 30 19014.8
2 24 45 18600.9
2 24 0 18740.5
2 24 15 18718.3
2 24 30 18369.7
2 24 45 18740.5
2 24 0 18369.7
2 24 15 18740.5
2 24 30 18718.3
2 24 45 18332.6
2 24 0 18627
2 24 15 18243.2
2 24 30 18649.1
2 24 45 18280.1
2 24 0 18638.6
2 24 15 18600.9
2 24 30 18992.2
2 24 45 19014.8
2 24 0 17438.4
2 24 15 17826.4
2 24 30 17473.6
2 24 45 17805.2
2 24 0 18190.5
2 24 15 18153.8
2 24 30 18557.7
2 24 45 18535.7
2 24 0 18900.9
2 24 15 18548.9
2 24 30 18511.5
2 24 45 18923.4
