2 14 0 18189.4
2 14 15 18534.5
2 14 30 18152.7
2 14 45 18189.4
2 14 0 17875.9
2 14 15 17543.1
2 14 30 17897.2
2 14 45 17897.2
2 14 0 17426.2
2 14 15 17046.9
2 14 30 17426.2
2 14 45 17081.4
2 14 0 16804.4
2 14 15 17123.3
2 14 30 16770.5
2 14 45 16770.5
2 14 0 17237.8
2 14 15 16862.6
2 14 30 17217.4
2 14 45 17237.8
2 14 0 17405.5
2 14 15 17081.4
2 14 30 17426.2
2 14 45 17405.5
2 14 0 17687.8
2 14 15 17358.4
2 14 30 17323.4
2 14 45 17708.8
2 14 0 17875.9
2 14 15 17507.7
2 14 30 17897.2
2 14 45 17543.1
2 14 0 18429.1
2 14 15 18466.4
2 14 30 18816.8
2 14 45 18839.1
2 14 0 19781.1
2 14 15 19389.7
2 14 30 19757.6
2 14 45 19350.6
2 14 0 20252.1
2 14 15 19811.3
2 14 30 20228
2 14 45 19851.4
2 14 0 19781.1
2 14 15 19350.6
2 14 30 19757.6
2 14 45 19389.7
2 14 0 18429.1
2 14 15 18816.8
2 14 30 18466.4
2 14 45 18839.1
2 14 0 18928
2 14 15 19287.2
2 14 30 18889.8
2 14 45 18889.8
2 14 0 19166.3
2 14 15 19592.7
2 14 30 19569.5
2 14 45 19569.5
2 14 0 19381.3
2 14 15 18982
2 14 30 19404.3
2 14 45 18982
2 14 0 19592.7
2 14 15 19569.5
2 14 30 19205
2 14 45 19166.3
2 14 0 18889.8
2 14 15 19310.1
2 14 30 18928
2 14 45 19287.2
2 14 0 18889.8
2 14 15 19310.1
2 14 30 18928
2 14 45 19287.2
2 14 0 18797.7
2 14 15 19193.1
2 14 30 18835.7
2 14 45 19215.9
2 14 0 19166.3
2 14 15 19205
2 14 30 19569.5
2 14 45 19592.7
2 14 0 18346.4
2 14 15 18368.2
2 14 30 17968.4
2 14 45 18004.7
2 14 0 19099
2 14 15 18743.4
2 14 30 18705.5
2 14 45 19121.7
2 14 0 19074.1
2 14 15 19475.4
2 14 30 19498.5
2 14 45 19112.7
