2 20 0 17228.6
2 20 15 17591
2 20 30 17611.9
2 20 45 17228.6
2 20 0 16986.1
2 20 15 16965.9
2 20 30 16650
2 20 45 16965.9
2 20 0 16211.9
2 20 15 16519.5
2 20 30 16179.1
2 20 45 16539.1
2 20 0 16251.6
2 20 15 15949
2 20 30 15916.8
2 20 45 16270.9
2 20 0 16004.2
2 20 15 16340.9
2 20 30 16036.6
2 20 45 16004.2
2 20 0 16211.9
2 20 15 16519.5
2 20 30 16211.9
2 20 45 16539.1
2 20 0 16807.3
2 20 15 16441.5
2 20 30 16787.4
2 20 45 16441.5
2 20 0 16986.1
2 20 15 16650
2 20 30 16616.4
2 20 45 16650
2 20 0 17526.3
2 20 15 17491
2 20 30 17880.1
2 20 45 17858.9
2 20 0 18774.1
2 20 15 18365.5
2 20 30 18751.8
2 20 45 18402.6
2 20 0 18802.8
2 20 15 19198.3
2 20 30 18840.8
2 20 45 19221.1
2 20 0 18402.6
2 20 15 18365.5
2 20 30 18751.8
2 20 45 18774.1
2 20 0 17491
2 20 15 17880.1
2 20 30 17858.9
2 20 45 17526.3
2 20 0 17928.2
2 20 15 18327.1
2 20 30 17964.5
2 20 45 17964.5
2 20 0 18227.4
2 20 15 18573.2
2 20 30 18595.3
2 20 45 18190.6
2 20 0 18015.7
2 20 15 18052.1
2 20 30 18416.5
2 20 45 18394.7
2 20 0 18595.3
2 20 15 18190.6
2 20 30 18227.4
2 20 45 18595.3
2 20 0 17964.5
2 20 15 18305.4
2 20 30 18327.1
2 20 45 17928.2
2 20 0 17928.2
2 20 15 18327.1
2 20 30 17964.5
2 20 45 18305.4
2 20 0 18216.1
2 20 15 17840.8
2 20 30 18237.7
2 20 45 17876.9
2 20 0 18190.6
2 20 15 18595.3
2 20 30 18573.2
2 20 45 18227.4
2 20 0 17053.7
2 20 15 17088.2
2 20 30 17433.1
2 20 45 17412.4
2 20 0 18148.3
2 20 15 17753.3
2 20 30 18126.8
2 20 45 17753.3
2 20 0 18139.8
2 20 15 18103.1
2 20 30 18505.9
2 20 45 18483.9
