2 19 0 15215.9
2 19 15 15215.9
2 19 30 15554.4
2 19 45 15246.7
2 19 0 15001.7
2 19 15 14675.2
2 19 30 14983.9
2 19 45 14704.9
2 19 0 14317.9
2 19 15 14607
2 19 30 14589.6
2 19 45 14289
2 19 0 14057.3
2 19 15 14370.1
2 19 30 14353
2 19 45 14085.8
2 19 0 14431.9
2 19 15 14134.6
2 19 30 14449.1
2 19 45 14163.2
2 19 0 14589.6
2 19 15 14607
2 19 30 14289
2 19 45 14317.9
2 19 0 14550.1
2 19 15 14520.8
2 19 30 14843.8
2 19 45 14826.2
2 19 0 14983.9
2 19 15 14704.9
2 19 30 15001.7
2 19 45 14675.2
2 19 0 15791.3
2 19 15 15478.9
2 19 30 15772.6
2 19 45 15772.6
2 19 0 16561.2
2 19 15 16580.9
2 19 30 16252.8
2 19 45 16220
2 19 0 16975.7
2 19 15 16955.5
2 19 30 16955.5
2 19 45 16975.7
2 19 0 16220
2 19 15 16561.2
2 19 30 16580.9
2 19 45 16252.8
2 19 0 15791.3
2 19 15 15447.6
2 19 30 15478.9
2 19 45 15772.6
2 19 0 16186.1
2 19 15 16166.9
2 19 30 15865.8
2 19 45 15833.8
2 19 0 16403.5
2 19 15 16423
2 19 30 16098
2 19 45 16065.5
2 19 0 16265.1
2 19 15 15943.2
2 19 30 15911
2 19 45 16245.7
2 19 0 16098
2 19 15 16065.5
2 19 30 16403.5
2 19 45 16423
2 19 0 16166.9
2 19 15 15865.8
2 19 30 16186.1
2 19 45 15833.8
2 19 0 15865.8
2 19 15 16186.1
2 19 30 15833.8
2 19 45 15833.8
2 19 0 16107.1
2 19 15 15788.4
2 19 30 16088
2 19 45 15756.6
2 19 0 16403.5
2 19 15 16065.5
2 19 30 16098
2 19 45 16423
2 19 0 15091.9
2 19 15 15061.4
2 19 30 15396.5
2 19 45 15378.3
2 19 0 15679.3
2 19 15 16028.2
2 19 30 15711
2 19 45 16009.2
2 19 0 16324.6
2 19 15 16020.6
2 19 30 16344
2 19 45 16020.6
