2 25 0 15968.1
2 25 15 16000.4
2 25 30 16000.4
2 25 45 16323.4
2 25 0 15743.4
2 25 15 15431.9
2 25 30 15400.7
2 25 45 15724.7
2 25 0 15329.1
2 25 15 14995.5
2 25 30 15310.9
2 25 45 15329.1
2 25 0 15080.5
2 25 15 14782.1
2 25 30 15062.6
2 25 45 15062.6
2 25 0 15145.4
2 25 15 15163.4
2 25 30 14833.3
2 25 45 15145.4
2 25 0 15329.1
2 25 15 15025.8
2 25 30 14995.5
2 25 45 15310.9
2 25 0 15238.6
2 25 15 15559.2
2 25 30 15269.4
2 25 45 15577.7
2 25 0 15743.4
2 25 15 15400.7
2 25 30 15724.7
2 25 45 15431.9
2 25 0 16244.1
2 25 15 16211.3
2 25 30 16552.3
2 25 45 16244.1
2 25 0 17021.9
2 25 15 17379.9
2 25 30 17400.6
2 25 45 17400.6
2 25 0 17793.7
2 25 15 17462.4
2 25 30 17814.9
2 25 45 17427.1
2 25 0 17021.9
2 25 15 17056.3
2 25 30 17379.9
2 25 45 17021.9
2 25 0 16572
2 25 15 16552.3
2 25 30 16211.3
2 25 45 16244.1
2 25 0 16966.1
2 25 15 16616.6
2 25 30 16650.2
2 25 45 16986.3
2 25 0 16893.9
2 25 15 17234.9
2 25 30 17214.4
2 25 45 16859.8
2 25 0 16697.6
2 25 15 17048.9
2 25 30 17069.1
2 25 45 16731.4
2 25 0 16893.9
2 25 15 16859.8
2 25 30 17214.4
2 25 45 16859.8
2 25 0 16616.6
2 25 15 16966.1
2 25 30 16650.2
2 25 45 16986.3
2 25 0 16616.6
2 25 15 16650.2
2 25 30 16986.3
2 25 45 16966.1
2 25 0 16535.5
2 25 15 16569
2 25 30 16903.4
2 25 45 16883.4
2 25 0 16893.9
2 25 15 17234.9
2 25 30 17214.4
2 25 45 16893.9
2 25 0 16157.7
2 25 15 16138.5
2 25 30 15806
2 25 45 15838
2 25 0 16800.6
2 25 15 16454.5
2 25 30 16487.8
2 25 45 16820.6
2 25 0 16778.7
2 25 15 16812.6
2 25 30 17152
2 25 45 17131.6
