2 4 0 15636.8
2 4 15 15618.3
2 4 30 15618.3
2 4 45 15296.5
2 4 0 15081.2
2 4 15 15081.2
2 4 30 14753
2 4 45 14782.8
2 4 0 14393.8
2 4 15 14684.3
2 4 30 14364.7
2 4 45 14666.9
2 4 0 14160.4
2 4 15 14131.8
2 4 30 14446.2
2 4 45 14131.8
2 4 0 14525.6
2 4 15 14209.4
2 4 30 14508.3
2 4 45 14508.3
2 4 0 14393.8
2 4 15 14666.9
2 4 30 14364.7
2 4 45 14684.3
2 4 0 14597.7
2 4 15 14904.8
2 4 30 14922.5
2 4 45 14904.8
2 4 0 15063.3
2 4 15 15081.2
2 4 30 14782.8
2 4 45 15081.2
2 4 0 15875
2 4 15 15856.1
2 4 30 15529.4
2 4 45 15856.1
2 4 0 16668.7
2 4 15 16338.9
2 4 30 16305.9
2 4 45 16648.9
2 4 0 17045.3
2 4 15 17065.6
2 4 30 16694.2
2 4 45 16727.9
2 4 0 16668.7
2 4 15 16338.9
2 4 30 16648.9
2 4 45 16305.9
2 4 0 15529.4
2 4 15 15875
2 4 30 15856.1
2 4 45 15560.9
2 4 0 16271.8
2 4 15 15917.7
2 4 30 15949.9
2 4 45 16252.5
2 4 0 16510
2 4 15 16150.6
2 4 30 16490.4
2 4 45 16183.3
2 4 0 16331.8
2 4 15 16027.7
2 4 30 15995.3
2 4 45 16351.2
2 4 0 16150.6
2 4 15 16183.3
2 4 30 16510
2 4 45 16490.4
2 4 0 16252.5
2 4 15 15917.7
2 4 30 15949.9
2 4 45 16252.5
2 4 0 16271.8
2 4 15 15917.7
2 4 30 15949.9
2 4 45 16252.5
2 4 0 16192.5
2 4 15 15840
2 4 30 15872.1
2 4 45 16173.2
2 4 0 16510
2 4 15 16490.4
2 4 30 16183.3
2 4 45 16150.6
2 4 0 15478.1
2 4 15 15459.7
2 4 30 15171.8
2 4 45 15141.2
2 4 0 15762.4
2 4 15 16094
2 4 30 16113.1
2 4 45 15794.3
2 4 0 16430.6
2 4 15 16105.5
2 4 30 16073
2 4 45 16411.1
