2 7 0 18589.6
2 7 15 18980.6
2 7 30 19003.2
2 7 45 18980.6
2 7 0 17965.3
2 7 15 18327.9
2 7 30 17929
2 7 45 17965.3
2 7 0 17845.6
2 7 15 17492.5
2 7 30 17824.4
2 7 45 17824.4
2 7 0 17535.4
2 7 15 17208.9
2 7 30 17556.2
2 7 45 17174.1
2 7 0 17303.4
2 7 15 17652.7
2 7 30 17631.7
2 7 45 17268.5
2 7 0 17845.6
2 7 15 17492.5
2 7 30 17824.4
2 7 45 17457.2
2 7 0 18113.5
2 7 15 18135
2 7 30 17776.2
2 7 45 17740.3
2 7 0 17929
2 7 15 18306.2
2 7 30 17965.3
2 7 45 18327.9
2 7 0 18910.8
2 7 15 19292.6
2 7 30 18872.7
2 7 45 18910.8
2 7 0 19816.3
2 7 15 20233.1
2 7 30 20257.2
2 7 45 19856.4
2 7 0 20714.9
2 7 15 20739.5
2 7 30 20329.1
2 7 45 20288.1
2 7 0 20233.1
2 7 15 19816.3
2 7 30 19856.4
2 7 45 20257.2
2 7 0 18872.7
2 7 15 18910.8
2 7 30 19269.7
2 7 45 19292.6
2 7 0 19751.4
2 7 15 19383.6
2 7 30 19344.5
2 7 45 19344.5
2 7 0 20064.3
2 7 15 19627.6
2 7 30 20040.4
2 7 45 20040.4
2 7 0 19847.7
2 7 15 19871.3
2 7 30 19478.2
2 7 45 19438.8
2 7 0 20064.3
2 7 15 20040.4
2 7 30 19667.3
2 7 45 19627.6
2 7 0 19751.4
2 7 15 19774.9
2 7 30 19344.5
2 7 45 19344.5
2 7 0 19344.5
2 7 15 19751.4
2 7 30 19383.6
2 7 45 19774.9
2 7 0 19678.4
2 7 15 19250.1
2 7 30 19655.1
2 7 45 19289.1
2 7 0 19627.6
2 7 15 20064.3
2 7 30 20040.4
2 7 45 19667.3
2 7 0 18810.2
2 7 15 18400.8
2 7 30 18438.1
2 7 45 18787.9
2 7 0 19194.5
2 7 15 19558.7
2 7 30 19582
2 7 45 19155.8
2 7 0 19944.1
2 7 15 19533.2
2 7 30 19572.7
2 7 45 19967.8
