2 3 0 18141.8
2 3 15 18545.4
2 3 30 18178.5
2 3 45 18523.4
2 3 0 17532.5
2 3 15 17497.1
2 3 30 17886.4
2 3 45 17886.4
2 3 0 17036.7
2 3 15 17395.1
2 3 30 17415.7
2 3 45 17071.2
2 3 0 17113
2 3 15 16760.4
2 3 30 17133.3
2 3 45 16794.3
2 3 0 17207
2 3 15 16886.6
2 3 30 16852.5
2 3 45 17227.5
2 3 0 17036.7
2 3 15 17415.7
2 3 30 17395.1
2 3 45 17071.2
2 3 0 17677.2
2 3 15 17348
2 3 30 17313
2 3 45 17698.2
2 3 0 17532.5
2 3 15 17886.4
2 3 30 17497.1
2 3 45 17865.2
2 3 0 18418
2 3 15 18827.8
2 3 30 18455.3
2 3 45 18805.5
2 3 0 19769.2
2 3 15 19745.8
2 3 30 19378.1
2 3 45 19339
2 3 0 19799.4
2 3 15 20215.9
2 3 30 19839.4
2 3 45 20239.9
2 3 0 19378.1
2 3 15 19745.8
2 3 30 19769.2
2 3 45 19378.1
2 3 0 18827.8
2 3 15 18805.5
2 3 30 18418
2 3 45 18455.3
2 3 0 18878.5
2 3 15 18916.7
2 3 30 19298.5
2 3 45 19275.6
2 3 0 19193.5
2 3 15 19557.7
2 3 30 19580.9
2 3 45 19154.8
2 3 0 19369.6
2 3 15 19009
2 3 30 18970.6
2 3 45 18970.6
2 3 0 19193.5
2 3 15 19580.9
2 3 30 19154.8
2 3 45 19154.8
2 3 0 19275.6
2 3 15 18916.7
2 3 30 18878.5
2 3 45 19298.5
2 3 0 19298.5
2 3 15 19275.6
2 3 30 18916.7
2 3 45 19275.6
2 3 0 18786.4
2 3 15 19181.6
2 3 30 19204.4
2 3 45 18786.4
2 3 0 19580.9
2 3 15 19154.8
2 3 30 19557.7
2 3 45 19193.5
2 3 0 17957.6
2 3 15 18335.3
2 3 30 17993.9
2 3 45 18357.1
2 3 0 19087.6
2 3 15 18694.3
2 3 30 19110.3
2 3 45 18732.1
2 3 0 19463.7
2 3 15 19062.7
2 3 30 19101.2
2 3 45 19486.8
