2 27 0 17093.8
2 27 15 17059.3
2 27 30 17418.1
2 27 45 17438.8
2 27 0 16819.2
2 27 15 16453.1
2 27 30 16819.2
2 27 45 16486.4
2 27 0 16052.5
2 27 15 16376.6
2 27 30 16020.1
2 27 45 16357.1
2 27 0 16091.9
2 27 15 16111
2 27 30 15760.4
2 27 45 15760.4
2 27 0 15846.9
2 27 15 16199.5
2 27 30 16180.3
2 27 45 15879
2 27 0 16020.1
2 27 15 16357.1
2 27 30 16052.5
2 27 45 16376.6
2 27 0 16642.1
2 27 15 16279.9
2 27 30 16312.9
2 27 45 16622.4
2 27 0 16819.2
2 27 15 16453.1
2 27 30 16799.2
2 27 45 16486.4
2 27 0 17704.4
2 27 15 17354.1
2 27 30 17319.1
2 27 45 17354.1
2 27 0 18589.6
2 27 15 18185
2 27 30 18221.8
2 27 45 18567.6
2 27 0 18618
2 27 15 19032.2
2 27 30 18655.7
2 27 45 19009.6
2 27 0 18589.6
2 27 15 18185
2 27 30 18221.8
2 27 45 18567.6
2 27 0 17319.1
2 27 15 17704.4
2 27 30 17683.4
2 27 45 17354.1
2 27 0 17752
2 27 15 17788
2 27 30 18147
2 27 45 18125.5
2 27 0 18390.7
2 27 15 18011.8
2 27 30 18048.3
2 27 45 18412.6
2 27 0 17838.6
2 27 15 18213.9
2 27 30 18235.5
2 27 45 18235.5
2 27 0 18048.3
2 27 15 18390.7
2 27 30 18412.6
2 27 45 18011.8
2 27 0 17752
2 27 15 18147
2 27 30 18125.5
2 27 45 17788
2 27 0 18147
2 27 15 17752
2 27 30 17788
2 27 45 18125.5
2 27 0 18037.1
2 27 15 17665.4
2 27 30 17701.2
2 27 45 18058.5
2 27 0 18412.6
2 27 15 18390.7
2 27 30 18048.3
2 27 45 18011.8
2 27 0 17261.8
2 27 15 16920.2
2 27 30 17241.3
2 27 45 16920.2
2 27 0 17614.4
2 27 15 17970
2 27 30 17948.6
2 27 45 17578.9
2 27 0 18324.1
2 27 15 18302.3
2 27 30 17925.2
2 27 45 17961.5
