2 21 0 18288.7
2 21 15 18288.7
2 21 30 17890.6
2 21 45 17926.8
2 21 0 17289.8
2 21 15 17638.8
2 21 30 17617.9
2 21 45 17617.9
2 21 0 16834.8
2 21 15 16800.8
2 21 30 17154.3
2 21 45 16800.8
2 21 0 16876.1
2 21 15 16896.1
2 21 30 16561.8
2 21 45 16876.1
2 21 0 16968.8
2 21 15 16652.8
2 21 30 16989
2 21 45 16619.2
2 21 0 16800.8
2 21 15 17154.3
2 21 30 17174.7
2 21 45 17174.7
2 21 0 17107.8
2 21 15 17453.2
2 21 30 17073.3
2 21 45 17107.8
2 21 0 17254.9
2 21 15 17289.8
2 21 30 17638.8
2 21 45 17617.9
2 21 0 18199.8
2 21 15 18163.1
2 21 30 18567.2
2 21 45 18545.2
2 21 0 19071.2
2 21 15 19109.8
2 21 30 19472.4
2 21 45 19495.6
2 21 0 19959.7
2 21 15 19564.8
2 21 30 19936
2 21 45 19525.3
2 21 0 19109.8
2 21 15 19071.2
2 21 30 19071.2
2 21 45 19472.4
2 21 0 18545.2
2 21 15 18163.1
2 21 30 18567.2
2 21 45 18199.8
2 21 0 19008.8
2 21 15 19031.4
2 21 30 18617.2
2 21 45 19031.4
2 21 0 18927.8
2 21 15 19309.9
2 21 30 18889.6
2 21 45 19287
2 21 0 18708
2 21 15 19124.2
2 21 30 18745.8
2 21 45 18745.8
2 21 0 19309.9
2 21 15 18927.8
2 21 30 19287
2 21 45 18889.6
2 21 0 18617.2
2 21 15 18654.8
2 21 30 19008.8
2 21 45 19031.4
2 21 0 18617.2
2 21 15 19031.4
2 21 30 18654.8
2 21 45 19008.8
2 21 0 18916.1
2 21 15 18938.5
2 21 30 18526.3
2 21 45 18916.1
2 21 0 19309.9
2 21 15 19287
2 21 30 18889.6
2 21 45 18927.8
2 21 0 18081.5
2 21 15 17744.8
2 21 30 17709
2 21 45 18081.5
2 21 0 18845.7
2 21 15 18435.5
2 21 30 18472.8
2 21 45 18823.3
2 21 0 18798.8
2 21 15 19194.2
2 21 30 18836.8
2 21 45 19217
