2 16 0 17532.4
2 16 15 17532.4
2 16 30 17901.2
2 16 45 17922.4
2 16 0 16943.6
2 16 15 16909.4
2 16 30 17285.6
2 16 45 16943.6
2 16 0 16830.7
2 16 15 16464.4
2 16 30 16810.7
2 16 45 16497.7
2 16 0 16557.8
2 16 15 16538.1
2 16 30 16557.8
2 16 45 16230.2
2 16 0 16648.8
2 16 15 16286.4
2 16 30 16319.3
2 16 45 16629
2 16 0 16497.7
2 16 15 16464.4
2 16 30 16810.7
2 16 45 16830.7
2 16 0 17103.6
2 16 15 16731.4
2 16 30 17083.3
2 16 45 16765.2
2 16 0 16909.4
2 16 15 16943.6
2 16 30 17265.1
2 16 45 17285.6
2 16 0 17835.3
2 16 15 17799.3
2 16 30 18173.8
2 16 45 18195.4
2 16 0 19082.4
2 16 15 18727.1
2 16 30 18689.3
2 16 45 18727.1
2 16 0 19173
2 16 15 19560
2 16 30 19134.3
2 16 45 19134.3
2 16 0 18689.3
2 16 15 18727.1
2 16 30 19082.4
2 16 45 19105.1
2 16 0 17835.3
2 16 15 18173.8
2 16 30 17799.3
2 16 45 18195.4
2 16 0 18281.2
2 16 15 18628.1
2 16 30 18244.3
2 16 45 18650.2
2 16 0 18511.3
2 16 15 18900.7
2 16 30 18923.2
2 16 45 18548.8
2 16 0 18741.2
2 16 15 18370.4
2 16 30 18333.3
2 16 45 18719
2 16 0 18900.7
2 16 15 18511.3
2 16 30 18548.8
2 16 45 18923.2
2 16 0 18650.2
2 16 15 18628.1
2 16 30 18281.2
2 16 45 18650.2
2 16 0 18650.2
2 16 15 18244.3
2 16 30 18628.1
2 16 45 18281.2
2 16 0 18192.1
2 16 15 18155.3
2 16 30 18537.2
2 16 45 18559.3
2 16 0 18923.2
2 16 15 18900.7
2 16 30 18511.3
2 16 45 18548.8
2 16 0 17719.4
2 16 15 17740.5
2 16 30 17389.5
2 16 45 17354.4
2 16 0 18468.3
2 16 15 18066.3
2 16 30 18102.9
2 16 45 18446.4
2 16 0 18459.6
2 16 15 18422.3
2 16 30 18832.2
2 16 45 18809.8
