2 22 0 17821.8
2 22 15 17821.8
2 22 30 18181.5
2 22 45 18159.9
2 22 0 17514.6
2 22 15 17188.5
2 22 30 17153.8
2 22 45 17535.5
2 22 0 16702.4
2 22 15 17053.7
2 22 30 17074
2 22 45 16736.2
2 22 0 16464.8
2 22 15 16797.1
2 22 30 16777.2
2 22 45 16431.5
2 22 0 16889.4
2 22 15 16521.8
2 22 30 16869.4
2 22 45 16521.8
2 22 0 17053.7
2 22 15 16736.2
2 22 30 16702.4
2 22 45 17074
2 22 0 16973.2
2 22 15 17330.3
2 22 30 17350.9
2 22 45 17007.6
2 22 0 17514.6
2 22 15 17188.5
2 22 30 17153.8
2 22 45 17535.5
2 22 0 18093.2
2 22 15 18056.6
2 22 30 18458.4
2 22 45 18436.5
2 22 0 18959.5
2 22 15 19381.3
2 22 30 19358.3
2 22 45 18997.8
2 22 0 19842.8
2 22 15 19410.9
2 22 30 19450.1
2 22 45 19819.2
2 22 0 18997.8
2 22 15 19381.3
2 22 30 19358.3
2 22 45 18959.5
2 22 0 18093.2
2 22 15 18056.6
2 22 30 18458.4
2 22 45 18056.6
2 22 0 18919.8
2 22 15 18508.1
2 22 30 18897.4
2 22 45 18545.5
2 22 0 18778.9
2 22 15 18816.9
2 22 30 19196.7
2 22 45 19173.9
2 22 0 18636
2 22 15 18989.6
2 22 30 19012.1
2 22 45 18598.3
2 22 0 18778.9
2 22 15 18816.9
2 22 30 19173.9
2 22 45 19196.7
2 22 0 18508.1
2 22 15 18897.4
2 22 30 18919.8
2 22 45 18545.5
2 22 0 18919.8
2 22 15 18897.4
2 22 30 18508.1
2 22 45 18545.5
2 22 0 18417.8
2 22 15 18805.2
2 22 30 18455
2 22 45 18827.6
2 22 0 18778.9
2 22 15 18816.9
2 22 30 19196.7
2 22 45 19173.9
2 22 0 17975.6
2 22 15 17996.9
2 22 30 17605.2
2 22 45 17975.6
2 22 0 18713
2 22 15 18327.5
2 22 30 18735.3
2 22 45 18364.6
2 22 0 18688.6
2 22 15 19081.7
2 22 30 18726.4
2 22 45 19104.4
