2 12 0 15864.4
2 12 15 16165.5
2 12 30 15832.4
2 12 45 15864.4
2 12 0 15591.1
2 12 15 15300.7
2 12 30 15609.6
2 12 45 15269.8
2 12 0 15180.8
2 12 15 14868
2 12 30 14898.1
2 12 45 15198.8
2 12 0 14656.5
2 12 15 14934.6
2 12 30 14626.9
2 12 45 14934.6
2 12 0 15034.5
2 12 15 14737
2 12 30 14707.3
2 12 45 14707.3
2 12 0 14868
2 12 15 15198.8
2 12 30 14898.1
2 12 45 15180.8
2 12 0 15109.1
2 12 15 15445.3
2 12 30 15139.7
2 12 45 15426.9
2 12 0 15269.8
2 12 15 15591.1
2 12 30 15609.6
2 12 45 15300.7
2 12 0 16431.1
2 12 15 16073.5
2 12 30 16106
2 12 45 16411.6
2 12 0 16911.3
2 12 15 16877.2
2 12 30 17252.7
2 12 45 17232.2
2 12 0 17642.5
2 12 15 17314
2 12 30 17663.5
2 12 45 17279
2 12 0 17252.7
2 12 15 17232.2
2 12 30 16877.2
2 12 45 16911.3
2 12 0 16073.5
2 12 15 16431.1
2 12 30 16411.6
2 12 45 16106
2 12 0 16821.9
2 12 15 16508.7
2 12 30 16475.4
2 12 45 16841.9
2 12 0 16716.5
2 12 15 17088.4
2 12 30 16750.3
2 12 45 17068.1
2 12 0 16904
2 12 15 16924.1
2 12 30 16555.7
2 12 45 16924.1
2 12 0 17088.4
2 12 15 16750.3
2 12 30 16716.5
2 12 45 17068.1
2 12 0 16475.4
2 12 15 16821.9
2 12 30 16841.9
2 12 45 16508.7
2 12 0 16841.9
2 12 15 16475.4
2 12 30 16508.7
2 12 45 16841.9
2 12 0 16428.2
2 12 15 16739.9
2 12 30 16759.8
2 12 45 16759.8
2 12 0 17068.1
2 12 15 17088.4
2 12 30 16750.3
2 12 45 16716.5
2 12 0 15703.4
2 12 15 16001.3
2 12 30 15671.7
2 12 45 16020.4
2 12 0 16677.6
2 12 15 16314.6
2 12 30 16347.6
2 12 45 16677.6
2 12 0 16669.7
2 12 15 17006.2
2 12 30 16986
2 12 45 16636.1
