2 13 0 17905.2
2 13 15 18281.8
2 13 30 17905.2
2 13 45 18281.8
2 13 0 17303.9
2 13 15 17303.9
2 13 30 17303.9
2 13 45 17632.2
2 13 0 16848.5
2 13 15 17168.2
2 13 30 17188.6
2 13 45 16814.5
2 13 0 16909.9
2 13 15 16575.3
2 13 30 16909.9
2 13 45 16541.8
2 13 0 17002.8
2 13 15 16632.7
2 13 30 16982.6
2 13 45 16666.4
2 13 0 17168.2
2 13 15 16848.5
2 13 30 17188.6
2 13 45 16814.5
2 13 0 17467.3
2 13 15 17087.2
2 13 30 17121.7
2 13 45 17467.3
2 13 0 17653.2
2 13 15 17632.2
2 13 30 17268.9
2 13 45 17303.9
2 13 0 18582.3
2 13 15 18560.2
2 13 30 18177.8
2 13 45 18214.6
2 13 0 19488.2
2 13 15 19125.3
2 13 30 19086.7
2 13 45 19511.4
2 13 0 19975.9
2 13 15 19541.2
2 13 30 19952.2
2 13 45 19580.7
2 13 0 19511.4
2 13 15 19488.2
2 13 30 19086.7
2 13 45 19511.4
2 13 0 18560.2
2 13 15 18177.8
2 13 30 18582.3
2 13 45 18560.2
2 13 0 18632.3
2 13 15 18670
2 13 30 19024.2
2 13 45 19046.8
2 13 0 18943.2
2 13 15 19325.6
2 13 30 19302.6
2 13 45 18904.9
2 13 0 19139.7
2 13 15 18723.2
2 13 30 18761
2 13 45 19117
2 13 0 18904.9
2 13 15 18943.2
2 13 30 19302.6
2 13 45 19325.6
2 13 0 18670
2 13 15 19024.2
2 13 30 19046.8
2 13 45 18632.3
2 13 0 18632.3
2 13 15 18670
2 13 30 19046.8
2 13 45 19024.2
2 13 0 18931.4
2 13 15 18541.4
2 13 30 18578.9
2 13 45 18953.9
2 13 0 18943.2
2 13 15 19325.6
2 13 30 18904.9
2 13 45 19302.6
2 13 0 18117.7
2 13 15 17723.4
2 13 30 18096.2
2 13 45 17759.2
2 13 0 18838.6
2 13 15 18450.5
2 13 30 18861
2 13 45 18487.8
2 13 0 18852.1
2 13 15 18814
2 13 30 19232.6
2 13 45 19209.8
