2 26 0 14519.1
2 26 15 14536.3
2 26 30 14219.9
2 26 45 14519.1
2 26 0 14019.8
2 26 15 14003.2
2 26 30 13714.7
2 26 45 13742.4
2 26 0 13634.6
2 26 15 13353.7
2 26 30 13380.8
2 26 45 13353.7
2 26 0 13413.5
2 26 15 13163.8
2 26 30 13137.2
2 26 45 13429.5
2 26 0 13487.2
2 26 15 13503.3
2 26 30 13236.1
2 26 45 13503.3
2 26 0 13650.9
2 26 15 13353.7
2 26 30 13650.9
2 26 45 13380.8
2 26 0 13597.7
2 26 15 13872.2
2 26 30 13570.3
2 26 45 13855.8
2 26 0 14003.2
2 26 15 13742.4
2 26 30 14003.2
2 26 45 13742.4
2 26 0 14757.7
2 26 15 14436.5
2 26 30 14465.7
2 26 45 14740.2
2 26 0 15477.2
2 26 15 15189
2 26 30 15189
2 26 45 15495.6
2 26 0 15845.7
2 26 15 15864.5
2 26 30 15519.2
2 26 45 15864.5
2 26 0 15495.6
2 26 15 15477.2
2 26 30 15189
2 26 45 15189
2 26 0 14740.2
2 26 15 14436.5
2 26 30 14465.7
2 26 45 14757.7
2 26 0 15108.7
2 26 15 15126.6
2 26 30 14797.4
2 26 45 14827.3
2 26 0 15044.3
2 26 15 15329.8
2 26 30 15013.9
2 26 45 15013.9
2 26 0 14869.6
2 26 15 14899.7
2 26 30 15200.4
2 26 45 15182.4
2 26 0 15348
2 26 15 15329.8
2 26 30 15013.9
2 26 45 15013.9
2 26 0 15126.6
2 26 15 14827.3
2 26 30 14797.4
2 26 45 15108.7
2 26 0 14827.3
2 26 15 15126.6
2 26 30 15108.7
2 26 45 14797.4
2 26 0 14725.2
2 26 15 14755
2 26 30 15052.8
2 26 45 15035
2 26 0 15329.8
2 26 15 15013.9
2 26 30 15348
2 26 45 15044.3
2 26 0 14104
2 26 15 14075.6
2 26 30 14388.7
2 26 45 14371.7
2 26 0 14682.7
2 26 15 14653
2 26 30 14961.3
2 26 45 14979
2 26 0 15256.1
2 26 15 14972
2 26 30 15274.2
2 26 45 14941.8
