2 8 0 18355.4
2 8 15 18333.6
2 8 30 18355.4
2 8 45 17992.2
2 8 0 17352.9
2 8 15 17682.2
2 8 30 17317.9
2 8 45 17317.9
2 8 0 17237.3
2 8 15 17216.8
2 8 30 16862.1
2 8 45 16862.1
2 8 0 16588.7
2 8 15 16957.8
2 8 30 16622.2
2 8 45 16937.6
2 8 0 16679.8
2 8 15 16713.6
2 8 30 17051
2 8 45 17030.7
2 8 0 17237.3
2 8 15 17216.8
2 8 30 16896.2
2 8 45 16862.1
2 8 0 17135.6
2 8 15 17496
2 8 30 17516.8
2 8 45 17516.8
2 8 0 17317.9
2 8 15 17352.9
2 8 30 17682.2
2 8 45 17352.9
2 8 0 18229.3
2 8 15 18266.2
2 8 30 18634.9
2 8 45 18612.8
2 8 0 19543.4
2 8 15 19140.8
2 8 30 19566.7
2 8 45 19179.5
2 8 0 19636.2
2 8 15 19596.5
2 8 30 20032.5
2 8 45 20008.8
2 8 0 19543.4
2 8 15 19566.7
2 8 30 19179.5
2 8 45 19140.8
2 8 0 18634.9
2 8 15 18612.8
2 8 30 18229.3
2 8 45 18612.8
2 8 0 19078.1
2 8 15 18685.1
2 8 30 18722.9
2 8 45 19100.8
2 8 0 18958.5
2 8 15 19380.3
2 8 30 18996.9
2 8 45 18996.9
2 8 0 18814.2
2 8 15 19171.2
2 8 30 18776.2
2 8 45 19194
2 8 0 18996.9
2 8 15 19380.3
2 8 30 18996.9
2 8 45 19357.3
2 8 0 18722.9
2 8 15 19078.1
2 8 30 19100.8
2 8 45 18685.1
2 8 0 19100.8
2 8 15 18722.9
2 8 30 18685.1
2 8 45 19078.1
2 8 0 18593.9
2 8 15 19007.6
2 8 30 18985.1
2 8 45 18631.5
2 8 0 19380.3
2 8 15 18996.9
2 8 30 19357.3
2 8 45 18958.5
2 8 0 18147.5
2 8 15 18169
2 8 30 17773.6
2 8 45 17809.5
2 8 0 18540.2
2 8 15 18502.8
2 8 30 18914.4
2 8 45 18892
2 8 0 18867.4
2 8 15 19264.2
2 8 30 18867.4
2 8 45 18905.5
