2 2 0 18999.6
2 2 15 18645.8
2 2 30 18608.1
2 2 45 19022.1
2 2 0 18324.4
2 2 15 18346.2
2 2 30 17983.2
2 2 45 18324.4
2 2 0 17474.6
2 2 15 17863.4
2 2 30 17474.6
2 2 45 17842.2
2 2 0 17226
2 2 15 17191.3
2 2 30 17552.9
2 2 45 17191.3
2 2 0 17649.3
2 2 15 17320.7
2 2 30 17320.7
2 2 45 17670.3
2 2 0 17842.2
2 2 15 17510
2 2 30 17474.6
2 2 45 17863.4
2 2 0 17793.9
2 2 15 18131.6
2 2 30 17758
2 2 45 17758
2 2 0 17946.9
2 2 15 17983.2
2 2 30 18346.2
2 2 45 18324.4
2 2 0 19288.9
2 2 15 19311.8
2 2 30 18929.7
2 2 45 18891.5
2 2 0 19876.2
2 2 15 20253.3
2 2 30 20277.4
2 2 45 20277.4
2 2 0 20308.4
2 2 15 20760.2
2 2 30 20735.6
2 2 45 20349.4
2 2 0 19876.2
2 2 15 20253.3
2 2 30 20277.4
2 2 45 19836.1
2 2 0 18929.7
2 2 15 19288.9
2 2 30 19311.8
2 2 45 18891.5
2 2 0 19363.8
2 2 15 19402.9
2 2 30 19794.6
2 2 45 19794.6
2 2 0 19686.9
2 2 15 19647.2
2 2 30 20084.3
2 2 45 20060.4
2 2 0 19497.6
2 2 15 19458.2
2 2 30 19891.2
2 2 45 19867.6
2 2 0 19686.9
2 2 15 20060.4
2 2 30 19647.2
2 2 45 20060.4
2 2 0 19363.8
2 2 15 19402.9
2 2 30 19771.1
2 2 45 19794.6
2 2 0 19794.6
2 2 15 19771.1
2 2 30 19363.8
2 2 45 19402.9
2 2 0 19698.1
2 2 15 19269.3
2 2 30 19308.3
2 2 45 19674.7
2 2 0 19647.2
2 2 15 20084.3
2 2 30 20084.3
2 2 45 19686.9
2 2 0 18419.2
2 2 15 18456.5
2 2 30 18806.7
2 2 45 18829
2 2 0 19601.5
2 2 15 19213.7
2 2 30 19174.9
2 2 45 19578.2
2 2 0 19592.2
2 2 15 19964
2 2 30 19987.7
2 2 45 19552.7
