2 18 0 15165.2
2 18 15 15183.2
2 18 30 14852.8
2 18 45 14852.8
2 18 0 14354
2 18 15 14643.7
2 18 30 14643.7
2 18 45 14325
2 18 0 14241.5
2 18 15 14258.4
2 18 30 13948
2 18 45 14241.5
2 18 0 13749.6
2 18 15 14027.2
2 18 30 13721.9
2 18 45 14010.5
2 18 0 13825.2
2 18 15 13797.3
2 18 30 14087.5
2 18 45 14104.2
2 18 0 13948
2 18 15 14241.5
2 18 30 13976.3
2 18 45 13976.3
2 18 0 14202.9
2 18 15 14472.4
2 18 30 14202.9
2 18 45 14489.6
2 18 0 14626.4
2 18 15 14325
2 18 30 14354
2 18 45 14643.7
2 18 0 15109.5
2 18 15 15414.5
2 18 30 15396.2
2 18 45 15079
2 18 0 15864.9
2 18 15 16166
2 18 30 15832.9
2 18 45 16185.2
2 18 0 16550.9
2 18 15 16209.9
2 18 30 16570.5
2 18 45 16242.7
2 18 0 15864.9
2 18 15 16166
2 18 30 16185.2
2 18 45 15832.9
2 18 0 15079
2 18 15 15109.5
2 18 30 15396.2
2 18 45 15414.5
2 18 0 15799.8
2 18 15 15487.2
2 18 30 15781.1
2 18 45 15455.9
2 18 0 15682.1
2 18 15 16031
2 18 30 16012
2 18 45 16031
2 18 0 15531.3
2 18 15 15876.9
2 18 30 15858.1
2 18 45 15562.8
2 18 0 15682.1
2 18 15 16031
2 18 30 16012
2 18 45 15713.8
2 18 0 15455.9
2 18 15 15799.8
2 18 30 15781.1
2 18 45 15487.2
2 18 0 15487.2
2 18 15 15799.8
2 18 30 15781.1
2 18 45 15455.9
2 18 0 15704.1
2 18 15 15380.5
2 18 30 15722.8
2 18 45 15411.7
2 18 0 15713.8
2 18 15 16012
2 18 30 15682.1
2 18 45 16012
2 18 0 14702
2 18 15 15011.3
2 18 30 15029.1
2 18 45 14731.7
2 18 0 15645.7
2 18 15 15336.1
2 18 30 15305.2
2 18 45 15627.1
2 18 0 15935
2 18 15 15954
2 18 30 15606.7
2 18 45 15638.3
