2 11 0 15742.8
2 11 15 16041.5
2 11 30 15711
2 11 45 16060.6
2 11 0 15152.8
2 11 15 15471.5
2 11 30 15183.4
2 11 45 15183.4
2 11 0 14754
2 11 15 14783.8
2 11 30 15064.4
2 11 45 15082.3
2 11 0 14837.7
2 11 15 14514.7
2 11 30 14544.1
2 11 45 14820.1
2 11 0 14594.5
2 11 15 14624
2 11 30 14919.2
2 11 45 14901.5
2 11 0 15064.4
2 11 15 15082.3
2 11 30 14783.8
2 11 45 14754
2 11 0 14993.2
2 11 15 15023.6
2 11 30 15308.6
2 11 45 15326.8
2 11 0 15183.4
2 11 15 15471.5
2 11 30 15489.9
2 11 45 15152.8
2 11 0 16305.1
2 11 15 15950.3
2 11 30 15982.5
2 11 45 16285.8
2 11 0 16781.7
2 11 15 17120.4
2 11 30 17100.1
2 11 45 16747.8
2 11 0 17181.2
2 11 15 17528
2 11 30 17528
2 11 45 17507.2
2 11 0 17120.4
2 11 15 16781.7
2 11 30 16747.8
2 11 45 17100.1
2 11 0 16305.1
2 11 15 16285.8
2 11 30 15982.5
2 11 45 16285.8
2 11 0 16712.8
2 11 15 16382.1
2 11 30 16349
2 11 45 16712.8
2 11 0 16957.4
2 11 15 16621.8
2 11 30 16588.3
2 11 45 16937.2
2 11 0 16774.4
2 11 15 16462
2 11 30 16428.8
2 11 45 16794.3
2 11 0 16957.4
2 11 15 16588.3
2 11 30 16621.8
2 11 45 16937.2
2 11 0 16349
2 11 15 16692.9
2 11 30 16712.8
2 11 45 16382.1
2 11 0 16382.1
2 11 15 16692.9
2 11 30 16712.8
2 11 45 16349
2 11 0 16631.2
2 11 15 16611.5
2 11 30 16302.2
2 11 45 16269.3
2 11 0 16621.8
2 11 15 16937.2
2 11 30 16588.3
2 11 45 16957.4
2 11 0 15897.5
2 11 15 15551.5
2 11 30 15878.6
2 11 45 15583
2 11 0 16222.3
2 11 15 16530.1
2 11 30 16549.7
2 11 45 16530.1
2 11 0 16508.5
2 11 15 16541.9
2 11 30 16855.8
2 11 45 16875.8
