2 1 0 18541.5
2 1 15 18159.5
2 1 30 18196.3
2 1 45 18196.3
2 1 0 17514.3
2 1 15 17903.9
2 1 30 17882.7
2 1 45 17882.7
2 1 0 17432.8
2 1 15 17412.1
2 1 30 17053.4
2 1 45 17432.8
2 1 0 17129.7
2 1 15 16776.8
2 1 30 16810.7
2 1 45 16810.7
2 1 0 17223.8
2 1 15 16903.1
2 1 30 16869
2 1 45 17244.3
2 1 0 17087.8
2 1 15 17053.4
2 1 30 17432.8
2 1 45 17412.1
2 1 0 17694.4
2 1 15 17364.9
2 1 30 17715.5
2 1 45 17715.5
2 1 0 17549.7
2 1 15 17882.7
2 1 30 17903.9
2 1 45 17514.3
2 1 0 18823.9
2 1 15 18846.2
2 1 30 18436.1
2 1 45 18473.4
2 1 0 19397
2 1 15 19357.9
2 1 30 19788.6
2 1 45 19765.1
2 1 0 20235.7
2 1 15 19858.9
2 1 30 20259.7
2 1 45 19818.8
2 1 0 19357.9
2 1 15 19397
2 1 30 19788.6
2 1 45 19357.9
2 1 0 18846.2
2 1 15 18436.1
2 1 30 18823.9
2 1 45 18473.4
2 1 0 18897
2 1 15 19294.5
2 1 30 19317.4
2 1 45 18935.2
2 1 0 19173.5
2 1 15 19576.8
2 1 30 19212.3
2 1 45 19600.1
2 1 0 19411.6
2 1 15 18989.1
2 1 30 19388.6
2 1 45 19388.6
2 1 0 19576.8
2 1 15 19212.3
2 1 30 19173.5
2 1 45 19212.3
2 1 0 18935.2
2 1 15 19294.5
2 1 30 18897
2 1 45 19317.4
2 1 0 19294.5
2 1 15 18897
2 1 30 19317.4
2 1 45 18935.2
2 1 0 19200.4
2 1 15 18804.8
2 1 30 19223.2
2 1 45 18842.8
2 1 0 19576.8
2 1 15 19173.5
2 1 30 19600.1
2 1 45 19212.3
2 1 0 18375.1
2 1 15 17975.2
2 1 30 18353.3
2 1 45 18011.5
2 1 0 19128.9
2 1 15 18750.5
2 1 30 19106.2
2 1 45 18712.6
2 1 0 19081.3
2 1 15 19505.9
2 1 30 19119.9
2 1 45 19482.7
