2 28 0 17430.7
2 28 15 17430.7
2 28 30 17071.6
2 28 45 17106.1
2 28 0 16465
2 28 15 16498.3
2 28 30 16498.3
2 28 45 16831.3
2 28 0 16064.1
2 28 15 16368.9
2 28 30 16388.4
2 28 45 16368.9
2 28 0 15803.6
2 28 15 15771.7
2 28 30 16122.6
2 28 45 16103.5
2 28 0 15890.4
2 28 15 15858.4
2 28 30 16211.2
2 28 45 15858.4
2 28 0 16388.4
2 28 15 16031.7
2 28 30 16368.9
2 28 45 16388.4
2 28 0 16634.4
2 28 15 16324.6
2 28 30 16654.1
2 28 45 16291.7
2 28 0 16831.3
2 28 15 16811.3
2 28 30 16465
2 28 45 16498.3
2 28 0 17717.2
2 28 15 17331.5
2 28 30 17696.1
2 28 45 17366.6
2 28 0 18198.1
2 28 15 18234.9
2 28 30 18580.9
2 28 45 18603
2 28 0 19023.3
2 28 15 18631.4
2 28 30 19045.9
2 28 45 18669.1
2 28 0 18234.9
2 28 15 18580.9
2 28 30 18198.1
2 28 45 18603
2 28 0 17366.6
2 28 15 17696.1
2 28 30 17717.2
2 28 45 17331.5
2 28 0 17800.8
2 28 15 18138.5
2 28 30 17764.8
2 28 45 17764.8
2 28 0 18404
2 28 15 18061.3
2 28 30 18024.8
2 28 45 18404
2 28 0 17887.6
2 28 15 17851.5
2 28 30 18248.7
2 28 45 18248.7
2 28 0 18404
2 28 15 18425.8
2 28 30 18024.8
2 28 45 18061.3
2 28 0 18138.5
2 28 15 18160.1
2 28 30 17800.8
2 28 45 18138.5
2 28 0 18160.1
2 28 15 17764.8
2 28 30 18160.1
2 28 45 18138.5
2 28 0 17713.9
2 28 15 18071.5
2 28 30 18050
2 28 45 17678.2
2 28 0 18404
2 28 15 18024.8
2 28 30 18061.3
2 28 45 18024.8
2 28 0 17253.7
2 28 15 16932.4
2 28 30 16898.3
2 28 45 17274.2
2 28 0 17627.1
2 28 15 17982.9
2 28 30 17961.6
2 28 45 17591.5
2 28 0 17974.4
2 28 15 18315.5
2 28 30 18337.3
2 28 45 17938.1
