2 17 0 17627.1
2 17 15 17627.1
2 17 30 17243.4
2 17 45 17606.1
2 17 0 16664.3
2 17 15 16980.5
2 17 30 16630.7
2 17 45 17000.7
2 17 0 16533.7
2 17 15 16225.8
2 17 30 16193
2 17 45 16193
2 17 0 16265.6
2 17 15 15930.5
2 17 30 16284.9
2 17 45 15962.7
2 17 0 16374.4
2 17 15 16354.9
2 17 30 16018
2 17 45 16050.4
2 17 0 16193
2 17 15 16533.7
2 17 30 16225.8
2 17 45 16533.7
2 17 0 16488.9
2 17 15 16801.8
2 17 30 16455.6
2 17 45 16821.8
2 17 0 16664.3
2 17 15 16630.7
2 17 30 16980.5
2 17 45 17000.7
2 17 0 17895.5
2 17 15 17541.4
2 17 30 17874.2
2 17 45 17541.4
2 17 0 18418.5
2 17 15 18790.3
2 17 30 18768
2 17 45 18790.3
2 17 0 18857
2 17 15 19214.8
2 17 30 19237.7
2 17 45 18818.9
2 17 0 18418.5
2 17 15 18768
2 17 30 18790.3
2 17 45 18381.3
2 17 0 17895.5
2 17 15 17506
2 17 30 17541.4
2 17 45 17874.2
2 17 0 17943.6
2 17 15 18321.1
2 17 30 17979.9
2 17 45 17943.6
2 17 0 18589.2
2 17 15 18206.2
2 17 30 18243.1
2 17 45 18611.3
2 17 0 18410.5
2 17 15 18067.6
2 17 30 18432.4
2 17 45 18031.2
2 17 0 18206.2
2 17 15 18243.1
2 17 30 18611.3
2 17 45 18611.3
2 17 0 17979.9
2 17 15 18321.1
2 17 30 18342.9
2 17 45 17943.6
2 17 0 17943.6
2 17 15 17979.9
2 17 30 18342.9
2 17 45 17979.9
2 17 0 18231.7
2 17 15 17892.2
2 17 30 18253.4
2 17 45 17856.1
2 17 0 18206.2
2 17 15 18589.2
2 17 30 18243.1
2 17 45 18611.3
2 17 0 17102.9
2 17 15 17448.1
2 17 30 17068.3
2 17 45 17427.4
2 17 0 18142.4
2 17 15 17804.5
2 17 30 17768.6
2 17 45 18163.9
2 17 0 18118.7
2 17 15 18155.4
2 17 30 18499.8
2 17 45 18521.8
