2 15 0 18034.6
2 15 15 18414
2 15 30 18435.9
2 15 45 18071.1
2 15 0 17393.8
2 15 15 17780.8
2 15 30 17780.8
2 15 45 17393.8
2 15 0 17312.9
2 15 15 17292.3
2 15 30 17292.3
2 15 45 16970.3
2 15 0 16661.4
2 15 15 16695.1
2 15 30 17032.1
2 15 45 17011.9
2 15 0 17125.7
2 15 15 17105.4
2 15 30 16786.9
2 15 45 16753
2 15 0 16970.3
2 15 15 17292.3
2 15 30 16936.1
2 15 45 16970.3
2 15 0 17245.5
2 15 15 17572.8
2 15 30 17245.5
2 15 45 17593.6
2 15 0 17759.7
2 15 15 17780.8
2 15 30 17393.8
2 15 45 17393.8
2 15 0 18716.6
2 15 15 18346.3
2 15 30 18694.4
2 15 45 18309.3
2 15 0 19652.5
2 15 15 19224.7
2 15 30 19263.6
2 15 45 19224.7
2 15 0 20120.4
2 15 15 19722.3
2 15 30 19682.5
2 15 45 20096.5
2 15 0 19652.5
2 15 15 19263.6
2 15 30 19263.6
2 15 45 19224.7
2 15 0 18309.3
2 15 15 18346.3
2 15 30 18694.4
2 15 45 18716.6
2 15 0 19184.6
2 15 15 18805
2 15 30 18767
2 15 45 19161.8
2 15 0 19442.2
2 15 15 19465.3
2 15 30 19080.2
2 15 45 19041.7
2 15 0 19255.3
2 15 15 18896.7
2 15 30 18858.6
2 15 45 19278.1
2 15 0 19080.2
2 15 15 19442.2
2 15 30 19041.7
2 15 45 19442.2
2 15 0 19184.6
2 15 15 19161.8
2 15 30 18767
2 15 45 18805
2 15 0 19184.6
2 15 15 18767
2 15 30 18805
2 15 45 19161.8
2 15 0 19068.3
2 15 15 18713.2
2 15 30 18675.5
2 15 45 19091
2 15 0 19442.2
2 15 15 19465.3
2 15 30 19041.7
2 15 45 19080.2
2 15 0 18248.7
2 15 15 17851.5
2 15 30 18227.1
2 15 45 18227.1
2 15 0 18997.4
2 15 15 18583.9
2 15 30 18621.5
2 15 45 18974.8
2 15 0 18950.1
2 15 15 18988.4
2 15 30 19371.7
2 15 45 19348.7
