2 10 0 18817.1
2 10 15 18407.5
2 10 30 18794.8
2 10 45 18444.8
2 10 0 18148.5
2 10 15 17753.5
2 10 30 17753.5
2 10 45 18126.9
2 10 0 17286.3
2 10 15 17321.2
2 10 30 17670.9
2 10 45 17670.9
2 10 0 17040.3
2 10 15 17363.7
2 10 30 17040.3
2 10 45 17040.3
2 10 0 17099.4
2 10 15 17459.1
2 10 30 17479.8
2 10 45 17479.8
2 10 0 17321.2
2 10 15 17649.9
2 10 30 17286.3
2 10 45 17670.9
2 10 0 17566.6
2 10 15 17936.1
2 10 30 17957.4
2 10 45 17602.1
2 10 0 18126.9
2 10 15 17753.5
2 10 30 18148.5
2 10 45 17789.4
2 10 0 18687.9
2 10 15 19103.6
2 10 30 19081
2 10 45 18725.7
2 10 0 20058.8
2 10 15 19661.9
2 10 30 19622.3
2 10 45 20035
2 10 0 20536.4
2 10 15 20130.1
2 10 30 20512
2 10 45 20089.4
2 10 0 19661.9
2 10 15 20035
2 10 30 20035
2 10 45 19622.3
2 10 0 18725.7
2 10 15 19081
2 10 30 18687.9
2 10 45 19103.6
2 10 0 19558
2 10 15 19193.8
2 10 30 19155.1
2 10 45 19581.2
2 10 0 19435.4
2 10 15 19474.7
2 10 30 19867.8
2 10 45 19844.2
2 10 0 19653.4
2 10 15 19248.5
2 10 30 19676.8
2 10 45 19287.4
2 10 0 19474.7
2 10 15 19844.2
2 10 30 19867.8
2 10 45 19435.4
2 10 0 19558
2 10 15 19155.1
2 10 30 19193.8
2 10 45 19581.2
2 10 0 19155.1
2 10 15 19558
2 10 30 19581.2
2 10 45 19193.8
2 10 0 19061.6
2 10 15 19462.6
2 10 30 19100.2
2 10 45 19485.7
2 10 0 19867.8
2 10 15 19435.4
2 10 30 19474.7
2 10 45 19867.8
2 10 0 18257.5
2 10 15 18603.9
2 10 30 18626.1
2 10 45 18220.7
2 10 0 19390.2
2 10 15 18968.2
2 10 30 19367.2
2 10 45 19006.5
2 10 0 19341.9
2 10 15 19748.8
2 10 30 19381.1
2 10 45 19748.8
