2 6 0 18146.2
2 6 15 18549.9
2 6 30 18182.9
2 6 45 18146.2
2 6 0 17869.5
2 6 15 17869.5
2 6 30 17869.5
2 6 45 17536.8
2 6 0 17420
2 6 15 17420
2 6 30 17040.8
2 6 45 17075.3
2 6 0 17137.5
2 6 15 17117.1
2 6 30 16798.4
2 6 45 16764.5
2 6 0 16856.6
2 6 15 17231.7
2 6 30 16890.7
2 6 45 17211.2
2 6 0 17420
2 6 15 17040.8
2 6 30 17075.3
2 6 45 17399.3
2 6 0 17317.2
2 6 15 17681.4
2 6 30 17352.2
2 6 45 17352.2
2 6 0 17869.5
2 6 15 17890.8
2 6 30 17501.4
2 6 45 17536.8
2 6 0 18832.4
2 6 15 18459.8
2 6 30 18422.5
2 6 45 18810
2 6 0 19343.6
2 6 15 19382.8
2 6 30 19750.6
2 6 45 19774
2 6 0 19844.3
2 6 15 20244.8
2 6 30 20220.8
2 6 45 19804.2
2 6 0 19750.6
2 6 15 19774
2 6 30 19343.6
2 6 45 19774
2 6 0 18422.5
2 6 15 18810
2 6 30 18832.4
2 6 45 18459.8
2 6 0 18921.3
2 6 15 18883.1
2 6 30 19280.3
2 6 45 19303.2
2 6 0 19159.4
2 6 15 19198.2
2 6 30 19585.7
2 6 45 19562.5
2 6 0 18975.2
2 6 15 19013.6
2 6 30 19397.4
2 6 45 19374.4
2 6 0 19562.5
2 6 15 19585.7
2 6 30 19159.4
2 6 45 19198.2
2 6 0 19280.3
2 6 15 19303.2
2 6 30 18921.3
2 6 45 18921.3
2 6 0 18883.1
2 6 15 19280.3
2 6 30 18921.3
2 6 45 19303.2
2 6 0 19186.3
2 6 15 18791
2 6 30 18829
2 6 45 19209.1
2 6 0 19585.7
2 6 15 19198.2
2 6 30 19562.5
2 6 45 19159.4
2 6 0 17998.3
2 6 15 17962
2 6 30 18339.8
2 6 45 18361.6
2 6 0 19092.2
2 6 15 19092.2
2 6 30 19114.9
2 6 45 18698.9
2 6 0 19105.9
2 6 15 19491.5
2 6 30 19067.3
2 6 45 19468.4
