2 23 0 17973.4
2 23 15 17638.7
2 23 30 17603.1
2 23 45 17638.7
2 23 0 17334.7
2 23 15 16977.6
2 23 30 17011.9
2 23 45 17355.3
2 23 0 16564.2
2 23 15 16530.8
2 23 30 16898.6
2 23 45 16878.5
2 23 0 16262.7
2 23 15 16624.6
2 23 30 16295.6
2 23 45 16624.6
2 23 0 16696.1
2 23 15 16385.2
2 23 30 16352.1
2 23 45 16715.9
2 23 0 16564.2
2 23 15 16878.5
2 23 30 16530.8
2 23 45 16878.5
2 23 0 16832.9
2 23 15 17152.3
2 23 30 17172.6
2 23 45 16798.9
2 23 0 16977.6
2 23 15 17355.3
2 23 30 17011.9
2 23 45 17334.7
2 23 0 17871.1
2 23 15 18268.8
2 23 30 18247.1
2 23 45 17907.3
2 23 0 19159.4
2 23 15 18802.7
2 23 30 19182.2
2 23 45 18764.7
2 23 0 19615.6
2 23 15 19211.5
2 23 30 19638.9
2 23 45 19250.3
2 23 0 18764.7
2 23 15 19159.4
2 23 30 19182.2
2 23 45 18802.7
2 23 0 17871.1
2 23 15 17907.3
2 23 30 18268.8
2 23 45 18268.8
2 23 0 18355
2 23 15 18317.9
2 23 30 18703.3
2 23 45 18725.5
2 23 0 18623.6
2 23 15 18586
2 23 30 18999.5
2 23 45 18977
2 23 0 18816.8
2 23 15 18407.3
2 23 30 18794.5
2 23 45 18444.5
2 23 0 18977
2 23 15 18623.6
2 23 30 18586
2 23 45 18586
2 23 0 18355
2 23 15 18317.9
2 23 30 18725.5
2 23 45 18703.3
2 23 0 18355
2 23 15 18725.5
2 23 30 18317.9
2 23 45 18703.3
2 23 0 18265.4
2 23 15 18612
2 23 30 18228.6
2 23 45 18634.1
2 23 0 18999.5
2 23 15 18977
2 23 30 18586
2 23 45 18623.6
2 23 0 17790.9
2 23 15 17812
2 23 30 17424.4
2 23 45 17459.6
2 23 0 18139.2
2 23 15 18520.8
2 23 30 18175.9
2 23 45 18520.8
2 23 0 18496.6
2 23 15 18885.7
2 23 30 18534
2 23 45 18908.2
