7 21 0 15963.4
7 21 15 16285.6
7 21 30 15963.4
7 21 45 15931.2
7 21 0 15419.2
7 21 15 15711.8
7 21 30 15730.4
7 21 45 15711.8
7 21 0 15267.8
7 21 15 15249.6
7 21 30 14935.5
7 21 45 15267.8
7 21 0 14972.4
7 21 15 14663.9
7 21 30 14990.2
7 21 45 14693.6
7 21 0 14712.6
7 21 15 14421.5
7 21 30 14695.1
7 21 45 14392.4
7 21 0 15157.2
7 21 15 14875
7 21 30 15175.2
7 21 45 14845
7 21 0 15569.1
7 21 15 15896.6
7 21 30 15600.6
7 21 45 15915.5
7 21 0 17210.9
7 21 15 17190.5
7 21 30 16870.4
7 21 45 16836.3
7 21 0 18103.6
7 21 15 18484.4
7 21 30 18140.2
7 21 45 18506.4
7 21 0 19801.8
7 21 15 19410
7 21 30 19370.9
7 21 45 19410
7 21 0 19954.2
7 21 15 20332.9
7 21 30 19914
7 21 45 20357
7 21 0 20457.1
7 21 15 20887.4
7 21 30 20912.2
7 21 45 20498.4
7 21 0 19823.4
7 21 15 20240.4
7 21 30 20264.5
7 21 45 19863.5
7 21 0 19410
7 21 15 19801.8
7 21 30 19778.3
7 21 45 19370.9
7 21 0 21072.2
7 21 15 20679.8
7 21 30 21097.3
7 21 45 20638.1
7 21 0 21441.9
7 21 15 21467.4
7 21 30 21000.2
7 21 45 21042.7
7 21 0 21374.9
7 21 15 20909.7
7 21 30 20952
7 21 45 21349.5
7 21 0 20861.3
7 21 15 20819.1
7 21 30 21257.1
7 21 45 21282.4
7 21 0 20276
7 21 15 20702.6
7 21 30 20317
7 21 45 20727.2
7 21 0 19870.8
7 21 15 19461.4
7 21 30 19500.7
7 21 45 19461.4
7 21 0 19591.4
7 21 15 19963.2
7 21 30 19551.9
7 21 45 19986.9
7 21 0 20079.4
7 21 15 19642.4
7 21 30 20055.6
7 21 45 19682.1
7 21 0 19408.6
7 21 15 19047.2
7 21 30 19431.7
7 21 45 19008.8
7 21 0 18969.1
7 21 15 18556.2
7 21 30 18946.5
7 21 45 18946.5
