7 9 0 12971.6
7 9 15 13244.5
7 9 30 13260.2
7 9 45 12997.8
7 9 0 12808.1
7 9 15 12792.9
7 9 30 12529.4
7 9 45 12529.4
7 9 0 12185.5
7 9 15 12160.9
7 9 30 12431.4
7 9 45 12416.7
7 9 0 12205.4
7 9 15 12205.4
7 9 30 11963.9
7 9 45 11963.9
7 9 0 11979.4
7 9 15 11965.2
7 9 30 11742.4
7 9 45 11718.7
7 9 0 12111.6
7 9 15 12356.1
7 9 30 12341.4
7 9 45 12087.2
7 9 0 12676.8
7 9 15 12702.4
7 9 30 12958.8
7 9 45 12943.4
7 9 0 13736.3
7 9 15 13997
7 9 30 13708.6
7 9 45 13997
7 9 0 15068.4
7 9 15 14740.4
7 9 30 14770.3
7 9 45 14770.3
7 9 0 15772.3
7 9 15 16123.2
7 9 30 15804.2
7 9 45 16104.1
7 9 0 16575.2
7 9 15 16247.3
7 9 30 16575.2
7 9 45 16214.5
7 9 0 17027.3
7 9 15 17007.1
7 9 30 16656.7
7 9 45 16690.4
7 9 0 16173.4
7 9 15 16480.3
7 9 30 16499.9
7 9 45 16140.8
7 9 0 15804.2
7 9 15 15772.3
7 9 30 16123.2
7 9 45 16104.1
7 9 0 16838.1
7 9 15 16804.1
7 9 30 17178
7 9 45 16838.1
7 9 0 17458.6
7 9 15 17098.9
7 9 30 17133.5
7 9 45 17479.4
7 9 0 17059.6
7 9 15 17383.3
7 9 30 17025.2
7 9 45 17404
7 9 0 17328.7
7 9 15 17308.1
7 9 30 16951.5
7 9 45 16985.8
7 9 0 16509.3
7 9 15 16856.6
7 9 30 16876.6
7 9 45 16542.7
7 9 0 15878
7 9 15 15846
7 9 30 16198.5
7 9 45 16179.3
7 9 0 15919.7
7 9 15 16254.6
7 9 30 16273.9
7 9 45 15951.9
7 9 0 15993.4
7 9 15 16349.2
7 9 30 16329.8
7 9 45 16025.7
7 9 0 15477.5
7 9 15 15803
7 9 30 15821.8
7 9 45 15508.8
7 9 0 15139.5
7 9 15 15426.8
7 9 30 15445.1
7 9 45 15109
