7 14 0 15911.1
7 14 15 15879
7 14 30 16232.3
7 14 45 16213
7 14 0 15337.7
7 14 15 15660.3
7 14 30 15660.3
7 14 45 15368.7
7 14 0 15199.7
7 14 15 15217.8
7 14 30 14886.5
7 14 45 15217.8
7 14 0 14923.3
7 14 15 14941.1
7 14 30 14615.9
7 14 45 14645.4
7 14 0 14374.2
7 14 15 14647
7 14 30 14345.2
7 14 45 14664.4
7 14 0 15107.6
7 14 15 14826.3
7 14 30 15125.5
7 14 45 14826.3
7 14 0 15518.1
7 14 15 15863.4
7 14 30 15549.5
7 14 45 15844.5
7 14 0 16781.2
7 14 15 17134.2
7 14 30 17154.6
7 14 45 16815.1
7 14 0 18445.8
7 14 15 18044.3
7 14 30 18423.9
7 14 45 18080.8
7 14 0 19737
7 14 15 19713.5
7 14 30 19346.5
7 14 45 19307.4
7 14 0 20290.3
7 14 15 19848.7
7 14 30 20266.3
7 14 45 19888.9
7 14 0 20431.3
7 14 15 20390.1
7 14 30 20819
7 14 45 20843.7
7 14 0 19758.5
7 14 15 20198.1
7 14 30 20174.1
7 14 45 19798.5
7 14 0 19307.4
7 14 15 19737
7 14 30 19713.5
7 14 45 19346.5
7 14 0 20612.1
7 14 15 21003.2
7 14 30 20570.5
7 14 45 21028.2
7 14 0 21371.7
7 14 15 21397.1
7 14 30 20973.7
7 14 45 20931.4
7 14 0 21279.6
7 14 15 20841.2
7 14 30 21304.9
7 14 45 20841.2
7 14 0 20792.9
7 14 15 20750.9
7 14 30 21187.5
7 14 45 21212.6
7 14 0 20250.5
7 14 15 20209.6
7 14 30 20659.3
7 14 45 20209.6
7 14 0 19397.6
7 14 15 19805.7
7 14 30 19436.9
7 14 45 19829.2
7 14 0 19527.3
7 14 15 19897.8
7 14 30 19921.4
7 14 45 19487.8
7 14 0 19578.1
7 14 15 20013.7
7 14 30 19617.7
7 14 45 19989.9
7 14 0 18946.5
7 14 15 19368.1
7 14 30 18984.8
7 14 45 19345.1
7 14 0 18495.4
7 14 15 18532.8
7 14 30 18884.5
7 14 45 18906.9
