7 18 0 15148.4
7 18 15 15467.1
7 18 30 15467.1
7 18 45 15485.5
7 18 0 14957.5
7 18 15 14632
7 18 30 14661.6
7 18 45 14939.8
7 18 0 14230.4
7 18 15 14500.4
7 18 30 14201.6
7 18 45 14517.6
7 18 0 13943.4
7 18 15 14236.7
7 18 30 14253.7
7 18 45 13943.4
7 18 0 13685.2
7 18 15 13712.9
7 18 30 13973.1
7 18 45 13712.9
7 18 0 14115.6
7 18 15 14429.6
7 18 30 14412.5
7 18 45 14144.1
7 18 0 14834.1
7 18 15 15133.5
7 18 30 14804.1
7 18 45 15115.5
7 18 0 16009.1
7 18 15 16041.5
7 18 30 16041.5
7 18 45 16365.3
7 18 0 17248.9
7 18 15 17214.1
7 18 30 17576.2
7 18 45 17597.1
7 18 0 18456.4
7 18 15 18419.1
7 18 30 18828.9
7 18 45 18806.6
7 18 0 19333.8
7 18 15 18973.8
7 18 30 19356.8
7 18 45 19356.8
7 18 0 19451.9
7 18 15 19884.7
7 18 30 19861.1
7 18 45 19491.3
7 18 0 18849.4
7 18 15 19268.8
7 18 30 18887.6
7 18 45 18849.4
7 18 0 18456.4
7 18 15 18828.9
7 18 30 18419.1
7 18 45 18806.6
7 18 0 19624.1
7 18 15 20060.7
7 18 30 19663.8
7 18 45 20060.7
7 18 0 20008.8
7 18 15 20412.6
7 18 30 19968.4
7 18 45 20388.4
7 18 0 20300.5
7 18 15 20324.7
7 18 30 19922.5
7 18 45 19882.3
7 18 0 20212.7
7 18 15 19796.2
7 18 30 20236.7
7 18 45 19836.3
7 18 0 19708.8
7 18 15 19318.8
7 18 30 19685.4
7 18 45 19279.8
7 18 0 18505.2
7 18 15 18916.9
7 18 30 18894.4
7 18 45 18542.6
7 18 0 18591.2
7 18 15 19004.9
7 18 30 18628.8
7 18 45 18982.3
7 18 0 18677.3
7 18 15 18715.1
7 18 30 19070.2
7 18 45 19092.9
7 18 0 18477
7 18 15 18111.4
7 18 30 18074.8
7 18 45 18455
7 18 0 18037
7 18 15 18015.6
7 18 30 17680.2
7 18 45 17644.5
