7 19 0 15900.1
7 19 15 15572.6
7 19 30 15919
7 19 45 15572.6
7 19 0 15358.1
7 19 15 15358.1
7 19 30 15072.1
7 19 45 15072.1
7 19 0 14628.8
7 19 15 14599.3
7 19 30 14924.1
7 19 45 14924.1
7 19 0 14652.8
7 19 15 14333.8
7 19 30 14362.8
7 19 45 14635.4
7 19 0 14364.3
7 19 15 14096.9
7 19 30 14381.4
7 19 45 14068.4
7 19 0 14510.8
7 19 15 14816
7 19 30 14816
7 19 45 14833.7
7 19 0 15218.6
7 19 15 15249.4
7 19 30 15218.6
7 19 45 15538.8
7 19 0 16457.4
7 19 15 16803.6
7 19 30 16823.5
7 19 45 16490.7
7 19 0 18068.3
7 19 15 17731.9
7 19 30 18089.8
7 19 45 17696.1
7 19 0 19333.1
7 19 15 19356.1
7 19 30 18934.8
7 19 45 18973.1
7 19 0 19505.1
7 19 15 19875.2
7 19 30 19898.8
7 19 45 19465.7
7 19 0 20417.2
7 19 15 20441.5
7 19 30 20037
7 19 45 19996.6
7 19 0 19808.4
7 19 15 19377.2
7 19 30 19416.4
7 19 45 19784.8
7 19 0 19356.1
7 19 15 18973.1
7 19 30 19333.1
7 19 45 19356.1
7 19 0 20173.5
7 19 15 20214.4
7 19 30 20622.4
7 19 45 20622.4
7 19 0 20959.3
7 19 15 20569
7 19 30 20527.5
7 19 45 20959.3
7 19 0 20480.3
7 19 15 20893.7
7 19 30 20868.9
7 19 45 20439
7 19 0 20803.3
7 19 15 20778.6
7 19 30 20350.5
7 19 45 20391.7
7 19 0 20236.5
7 19 15 19819.6
7 19 30 20260.6
7 19 45 19859.7
7 19 0 19423.5
7 19 15 19023.3
7 19 30 19446.6
7 19 45 19061.8
7 19 0 19537
7 19 15 19150.4
7 19 30 19111.8
7 19 45 19513.8
7 19 0 19604.2
7 19 15 19239.1
7 19 30 19627.5
7 19 45 19239.1
7 19 0 18618.5
7 19 15 18994.3
7 19 30 18971.8
7 19 45 18580.9
7 19 0 18542.1
7 19 15 18175.2
7 19 30 18138.5
7 19 45 18520.1
