7 16 0 13433.7
7 16 15 13156.9
7 16 30 13156.9
7 16 45 13183.5
7 16 0 12975.7
7 16 15 12708.4
7 16 30 12991.1
7 16 45 12734.1
7 16 0 12594.1
7 16 15 12359.5
7 16 30 12334.6
7 16 45 12609
7 16 0 12134.8
7 16 15 12379.8
7 16 30 12365.1
7 16 45 12110.3
7 16 0 12150.5
7 16 15 12136.1
7 16 30 11886.1
7 16 45 11910.1
7 16 0 12259.8
7 16 15 12517.7
7 16 30 12284.6
7 16 45 12532.6
7 16 0 13128.4
7 16 15 12883.9
7 16 30 12857.9
7 16 45 13144
7 16 0 13904.5
7 16 15 14213.8
7 16 30 14196.9
7 16 45 14213.8
7 16 0 15265.5
7 16 15 14951
7 16 30 15283.7
7 16 45 14981.3
7 16 0 16030
7 16 15 15997.6
7 16 30 16353.5
7 16 45 16030
7 16 0 16812
7 16 15 16446.1
7 16 30 16792.1
7 16 45 16479.4
7 16 0 16928.8
7 16 15 17250
7 16 30 16894.7
7 16 45 17270.5
7 16 0 16715.8
7 16 15 16404.5
7 16 30 16735.6
7 16 45 16371.4
7 16 0 15997.6
7 16 15 16353.5
7 16 30 16334.1
7 16 45 16030
7 16 0 17402.7
7 16 15 17044.2
7 16 30 17078.6
7 16 45 17423.4
7 16 0 17729.1
7 16 15 17378.3
7 16 30 17708
7 16 45 17343.2
7 16 0 17303.4
7 16 15 17631.7
7 16 30 17268.4
7 16 45 17652.6
7 16 0 17228.5
7 16 15 17193.7
7 16 30 17555.4
7 16 45 17576.2
7 16 0 16745.1
7 16 15 17097.4
7 16 30 16779
7 16 45 17117.7
7 16 0 16072.3
7 16 15 16429.9
7 16 30 16104.9
7 16 45 16410.4
7 16 0 16147.1
7 16 15 16179.8
7 16 30 16506.4
7 16 45 16486.8
7 16 0 16221.9
7 16 15 16254.7
7 16 30 16582.8
7 16 45 16563.1
7 16 0 15730.3
7 16 15 16047.9
7 16 30 16028.8
7 16 45 15698.6
7 16 0 15665.8
7 16 15 15355.8
7 16 30 15324.8
7 16 45 15647.2
