7 22 0 14692.1
7 22 15 14709.6
7 22 30 14418.5
7 22 45 14389.4
7 22 0 14191.3
7 22 15 13898.9
7 22 30 14208.1
7 22 45 13927
7 22 0 13517.4
7 22 15 13773.9
7 22 30 13790.2
7 22 45 13773.9
7 22 0 13271.6
7 22 15 13539.5
7 22 30 13244.8
7 22 45 13244.8
7 22 0 12999.5
7 22 15 13288.8
7 22 30 13025.8
7 22 45 13288.8
7 22 0 13706.7
7 22 15 13408.3
7 22 30 13435.5
7 22 45 13690.4
7 22 0 14062.4
7 22 15 14375.3
7 22 30 14090.8
7 22 45 14062.4
7 22 0 15526.9
7 22 15 15545.4
7 22 30 15207
7 22 45 15237.8
7 22 0 16695.6
7 22 15 16351.6
7 22 30 16384.7
7 22 45 16695.6
7 22 0 17496.2
7 22 15 17531.6
7 22 30 17864.3
7 22 45 17864.3
7 22 0 18365.2
7 22 15 18387
7 22 30 18023.2
7 22 45 17986.8
7 22 0 18888.4
7 22 15 18477.3
7 22 30 18514.7
7 22 45 18866
7 22 0 18303.4
7 22 15 17941.2
7 22 30 17905
7 22 45 18281.7
7 22 0 17496.2
7 22 15 17864.3
7 22 30 17885.5
7 22 45 17531.6
7 22 0 18640.9
7 22 15 18678.6
7 22 30 19033
7 22 45 19055.6
7 22 0 19006.3
7 22 15 19389.9
7 22 30 18967.9
7 22 45 19366.9
7 22 0 19283.4
7 22 15 18924.3
7 22 30 19306.3
7 22 45 18886.1
7 22 0 19199.9
7 22 15 18842.4
7 22 30 19222.8
7 22 45 18804.4
7 22 0 18350.9
7 22 15 18721.3
7 22 30 18699.1
7 22 45 18313.8
7 22 0 17613.6
7 22 15 17578
7 22 30 17969.1
7 22 45 17947.8
7 22 0 18052.7
7 22 15 18031.2
7 22 30 17659.8
7 22 45 18052.7
7 22 0 17741.5
7 22 15 17777.4
7 22 30 18136.3
7 22 45 18114.7
7 22 0 17169.2
7 22 15 17203.9
7 22 30 17530.4
7 22 45 17551.2
7 22 0 17113
7 22 15 16760.4
7 22 30 17133.3
7 22 45 16794.3
