7 3 0 14703
7 3 15 14703
7 3 30 14732.7
7 3 45 15012.2
7 3 0 14517.7
7 3 15 14230.4
7 3 30 14500.5
7 3 45 14201.7
7 3 0 13784
7 3 15 14090.7
7 3 30 14074
7 3 45 13811.9
7 3 0 13834.5
7 3 15 13818.1
7 3 30 13533.4
7 3 45 13560.8
7 3 0 13282.8
7 3 15 13309.6
7 3 30 13578.3
7 3 45 13562.2
7 3 0 13988.7
7 3 15 14005.3
7 3 30 13728.2
7 3 45 13988.7
7 3 0 14397.9
7 3 15 14671.1
7 3 30 14688.5
7 3 45 14368.8
7 3 0 15865.2
7 3 15 15569.8
7 3 30 15538.3
7 3 45 15884.1
7 3 0 17079.6
7 3 15 17059.4
7 3 30 16741.7
7 3 45 17079.6
7 3 0 18275.2
7 3 15 17877.5
7 3 30 18253.5
7 3 45 17877.5
7 3 0 18415.9
7 3 15 18765.3
7 3 30 18378.7
7 3 45 18787.6
7 3 0 19300
7 3 15 19277.1
7 3 30 18918.1
7 3 45 18879.9
7 3 0 18680
7 3 15 18295.2
7 3 30 18332.2
7 3 45 18702.2
7 3 0 17877.5
7 3 15 17913.6
7 3 30 18275.2
7 3 45 18253.5
7 3 0 19085.5
7 3 15 19470.8
7 3 30 19047
7 3 45 19447.7
7 3 0 19381.2
7 3 15 19420.4
7 3 30 19788.9
7 3 45 19812.4
7 3 0 19727
7 3 15 19297.6
7 3 30 19336.7
7 3 45 19703.6
7 3 0 19214.1
7 3 15 19618.3
7 3 30 19641.6
7 3 45 19252.9
7 3 0 19129.2
7 3 15 18750.7
7 3 30 19106.5
7 3 45 18712.8
7 3 0 18360.6
7 3 15 17961
7 3 30 17997.3
7 3 45 18338.8
7 3 0 18081
7 3 15 18446
7 3 30 18424.1
7 3 45 18081
7 3 0 18509.4
7 3 15 18128.1
7 3 30 18164.7
7 3 45 18531.4
7 3 0 17933.6
7 3 15 17912.3
7 3 30 17543.3
7 3 45 17933.6
7 3 0 17160.2
7 3 15 17485.8
7 3 30 17506.6
7 3 45 17125.6
