7 24 0 16128.1
7 24 15 15795.8
7 24 30 15827.8
7 24 45 15827.8
7 24 0 15596.8
7 24 15 15596.8
7 24 30 15257.3
7 24 45 15578.3
7 24 0 14808.6
7 24 15 14838.5
7 24 30 15138
7 24 45 15120.1
7 24 0 14539.3
7 24 15 14568.7
7 24 30 14862.8
7 24 45 14539.3
7 24 0 14570.3
7 24 15 14298.9
7 24 30 14270.1
7 24 45 14587.6
7 24 0 14748.6
7 24 15 15046.3
7 24 30 14718.8
7 24 45 15028.4
7 24 0 15436.8
7 24 15 15761.5
7 24 30 15780.3
7 24 45 15761.5
7 24 0 16727.1
7 24 15 17044.5
7 24 30 16727.1
7 24 45 17064.7
7 24 0 18349.2
7 24 15 17986.1
7 24 30 17949.8
7 24 45 17949.8
7 24 0 19245.1
7 24 15 19610.3
7 24 30 19206.3
7 24 45 19633.6
7 24 0 19784.7
7 24 15 20160.1
7 24 30 20184.1
7 24 45 20160.1
7 24 0 20283.3
7 24 15 20709.9
7 24 30 20734.5
7 24 45 20324.3
7 24 0 19655
7 24 15 19694.8
7 24 30 20068.5
7 24 45 20092.3
7 24 0 19206.3
7 24 15 19245.1
7 24 30 19633.6
7 24 45 19245.1
7 24 0 20918
7 24 15 20462.8
7 24 30 20504.1
7 24 45 20893.2
7 24 0 20821.7
7 24 15 20863.9
7 24 30 21259.7
7 24 45 20821.7
7 24 0 21193.3
7 24 15 20773.9
7 24 30 20732
7 24 45 21168.1
7 24 0 21076.5
7 24 15 21101.5
7 24 30 20684
7 24 45 20642.3
7 24 0 20103.8
7 24 15 20551
7 24 30 20144.4
7 24 45 20526.7
7 24 0 19725.3
7 24 15 19335
7 24 30 19296
7 24 45 19701.9
7 24 0 19817.1
7 24 15 19385.8
7 24 30 19425
7 24 45 19793.6
7 24 0 19475.5
7 24 15 19885.2
7 24 30 19908.8
7 24 45 19514.9
7 24 0 19243.7
7 24 15 19266.6
7 24 30 18847.3
7 24 45 18885.4
7 24 0 18398.5
7 24 15 18807.9
7 24 30 18785.6
7 24 45 18785.6
