7 4 0 14976.3
7 4 15 15260.5
7 4 30 15260.5
7 4 45 14976.3
7 4 0 14436.5
7 4 15 14740.2
7 4 30 14436.5
7 4 45 14757.7
7 4 0 14323.7
7 4 15 14040.3
7 4 30 14306.7
7 4 45 14040.3
7 4 0 14063.3
7 4 15 14046.6
7 4 30 13785
7 4 45 13757.2
7 4 0 13502.4
7 4 15 13529.7
7 4 30 13802.8
7 4 45 13786.4
7 4 0 14220
7 4 15 13955.2
7 4 30 13927
7 4 45 14236.9
7 4 0 14606.4
7 4 15 14913.6
7 4 30 14635.9
7 4 45 14931.4
7 4 0 15827.2
7 4 15 16127.5
7 4 30 16146.7
7 4 45 15795.3
7 4 0 17018.5
7 4 15 17362
7 4 30 16984.2
7 4 45 17341.4
7 4 0 18555.3
7 4 15 18209.8
7 4 30 18577.4
7 4 45 18577.4
7 4 0 18720.4
7 4 15 19098.2
7 4 30 18682.6
7 4 45 19075.6
7 4 0 19192.1
7 4 15 19230.9
7 4 30 19595.8
7 4 45 19192.1
7 4 0 19011.4
7 4 15 18988.9
7 4 30 18597.7
7 4 45 18635.3
7 4 0 18555.3
7 4 15 18209.8
7 4 30 18577.4
7 4 45 18173
7 4 0 19361.9
7 4 15 19401.1
7 4 30 19792.7
7 4 45 19792.7
7 4 0 19701.6
7 4 15 20140
7 4 30 19741.5
7 4 45 20116.1
7 4 0 20053.2
7 4 15 19616.7
7 4 30 20029.4
7 4 45 19656.4
7 4 0 19571.3
7 4 15 19942.6
7 4 30 19531.8
7 4 45 19966.3
7 4 0 19022.3
7 4 15 19060.7
7 4 30 19445.5
7 4 45 19422.4
7 4 0 18642
7 4 15 18258
7 4 30 18664.2
7 4 45 18294.9
7 4 0 18342.9
7 4 15 18728.7
7 4 30 18751
7 4 45 18380
7 4 0 18815.5
7 4 15 18427.8
7 4 30 18837.8
7 4 45 18465.1
7 4 0 18208.5
7 4 15 18230.1
7 4 30 17833.4
7 4 45 17869.4
7 4 0 17775
7 4 15 17796.1
7 4 30 17408.8
7 4 45 17444
