7 31 0 13550.7
7 31 15 13255.8
7 31 30 13255.8
7 31 45 13534.6
7 31 0 13088.7
7 31 15 12803.9
7 31 30 12829.8
7 31 45 13088.7
7 31 0 12688.7
7 31 15 12452.4
7 31 30 12427.3
7 31 45 12703.8
7 31 0 12201.3
7 31 15 12458
7 31 30 12472.8
7 31 45 12458
7 31 0 12227.3
7 31 15 12241.8
7 31 30 11999.6
7 31 45 11975.4
7 31 0 12611.8
7 31 15 12376.9
7 31 30 12376.9
7 31 45 12376.9
7 31 0 12980.7
7 31 15 13227
7 31 30 12954.5
7 31 45 12980.7
7 31 0 14303.6
7 31 15 14008.9
7 31 30 14037.3
7 31 45 14320.6
7 31 0 15093.8
7 31 15 15380.2
7 31 30 15063.4
7 31 45 15398.5
7 31 0 16117.8
7 31 15 16150.4
7 31 30 16456.9
7 31 45 16476.4
7 31 0 16603.2
7 31 15 16938.4
7 31 30 16569.7
7 31 45 16918.3
7 31 0 17021.6
7 31 15 17056
7 31 30 17379.7
7 31 45 17400.3
7 31 0 16841.4
7 31 15 16527.8
7 31 30 16494.4
7 31 45 16861.4
7 31 0 16476.4
7 31 15 16150.4
7 31 30 16117.8
7 31 45 16456.9
7 31 0 17533.5
7 31 15 17207
7 31 30 17172.2
7 31 45 17554.3
7 31 0 17841.1
7 31 15 17473.5
7 31 30 17862.3
7 31 45 17508.9
7 31 0 17785.3
7 31 15 17398.2
7 31 30 17764.2
7 31 45 17433.4
7 31 0 17687.3
7 31 15 17322.9
7 31 30 17708.3
7 31 45 17357.9
7 31 0 16871
7 31 15 16905.1
7 31 30 17246.3
7 31 45 17225.9
7 31 0 16193.1
7 31 15 16553.4
7 31 30 16533.8
7 31 45 16225.9
7 31 0 16630.4
7 31 15 16268.4
7 31 30 16610.7
7 31 45 16301.3
7 31 0 16687.6
7 31 15 16343.8
7 31 30 16707.4
7 31 45 16376.8
7 31 0 15848.5
7 31 15 15816.5
7 31 30 16149.2
7 31 45 15816.5
7 31 0 15783.5
7 31 15 15440
7 31 30 15471.2
7 31 45 15764.7
