7 30 0 12911.2
7 30 15 13156.2
7 30 30 12885.2
7 30 45 13171.9
7 30 0 12471.1
7 30 15 12445.9
7 30 30 12722.8
7 30 45 12707.7
7 30 0 12334
7 30 15 12104.3
7 30 30 12348.6
7 30 45 12104.3
7 30 0 12124.1
7 30 15 11884.2
7 30 30 11860.2
7 30 45 12109.7
7 30 0 11899.6
7 30 15 11664.1
7 30 30 11885.5
7 30 45 11640.6
7 30 0 12273.8
7 30 15 12259.2
7 30 30 12006.6
7 30 45 12259.2
7 30 0 12617.8
7 30 15 12857.2
7 30 30 12872.5
7 30 45 12592.3
7 30 0 13617.3
7 30 15 13644.8
7 30 30 13903.7
7 30 45 13920.3
7 30 0 14950.3
7 30 15 14642.3
7 30 30 14671.9
7 30 45 14968
7 30 0 15996.8
7 30 15 15667.2
7 30 30 15698.9
7 30 45 16015.8
7 30 0 16106.5
7 30 15 16139.1
7 30 30 16445.3
7 30 45 16464.8
7 30 0 16579.2
7 30 15 16913.9
7 30 30 16545.7
7 30 45 16893.8
7 30 0 16370.5
7 30 15 16033.3
7 30 30 16390
7 30 45 16065.7
7 30 0 15667.2
7 30 15 15698.9
7 30 30 16015.8
7 30 45 15996.8
7 30 0 16692.2
7 30 15 17063.6
7 30 30 16725.9
7 30 45 17043.3
7 30 0 17019.4
7 30 15 17342.3
7 30 30 16985
7 30 45 17362.9
7 30 0 16946
7 30 15 16911.8
7 30 30 17288.1
7 30 45 17267.5
7 30 0 16838.6
7 30 15 17213.2
7 30 30 16872.6
7 30 45 17192.8
7 30 0 16399.3
7 30 15 16764.2
7 30 30 16432.5
7 30 45 16744.3
7 30 0 16090.6
7 30 15 15740.4
7 30 30 15772.3
7 30 45 16071.5
7 30 0 16146.3
7 30 15 15845.6
7 30 30 15813.6
7 30 45 16165.5
7 30 0 16221
7 30 15 15886.8
7 30 30 16240.3
7 30 45 15919
7 30 0 15405.5
7 30 15 15374.4
7 30 30 15697.8
7 30 45 15716.4
7 30 0 15342.2
7 30 15 15038.7
7 30 30 15008.3
7 30 45 15324
