7 20 0 16494.4
7 20 15 16168.1
7 20 30 16135.4
7 20 45 16474.9
7 20 0 15932.1
7 20 15 15585.4
7 20 30 15616.9
7 20 45 15913.2
7 20 0 15445.2
7 20 15 15127
7 20 30 15463.5
7 20 45 15445.2
7 20 0 15164.4
7 20 15 14851.9
7 20 30 14882
7 20 45 15182.4
7 20 0 14901.2
7 20 15 14576.9
7 20 30 14606.4
7 20 45 14883.5
7 20 0 15035.3
7 20 15 15065.7
7 20 30 15369.8
7 20 45 15351.6
7 20 0 15768.7
7 20 15 16100.4
7 20 30 15800.6
7 20 45 16119.6
7 20 0 17410.9
7 20 15 17431.6
7 20 30 17086.7
7 20 45 17052.2
7 20 0 18335.7
7 20 15 18721.4
7 20 30 18743.7
7 20 45 18743.7
7 20 0 20055.7
7 20 15 19619.2
7 20 30 19658.9
7 20 45 20031.9
7 20 0 20618.1
7 20 15 20593.6
7 20 30 20169.3
7 20 45 20210.1
7 20 0 21180.4
7 20 15 21155.2
7 20 30 20761.3
7 20 45 20719.4
7 20 0 20524.3
7 20 15 20077.6
7 20 30 20500
7 20 45 20118.2
7 20 0 20055.7
7 20 15 20031.9
7 20 30 19619.2
7 20 45 19658.9
7 20 0 21367.8
7 20 15 20902.7
7 20 30 21342.4
7 20 45 20945
7 20 0 21269.5
7 20 15 21716.9
7 20 30 21312.5
7 20 45 21742.7
7 20 0 21623.3
7 20 15 21649
7 20 30 21220.6
7 20 45 21220.6
7 20 0 21529.7
7 20 15 21128.7
7 20 30 21086.1
7 20 45 21555.2
7 20 0 20992.9
7 20 15 20968
7 20 30 20577.6
7 20 45 20968
7 20 0 20149.5
7 20 15 19710.9
7 20 30 19750.8
7 20 45 20125.5
7 20 0 20243.2
7 20 15 20219.2
7 20 30 19802.6
7 20 45 19842.6
7 20 0 19894.3
7 20 15 19934.5
7 20 30 20336.9
7 20 45 20312.8
7 20 0 19291.5
7 20 15 19252.5
7 20 30 19657.5
7 20 45 19680.9
7 20 0 18832.1
7 20 15 18794.1
7 20 30 19212.3
7 20 45 19212.3
