7 13 0 15443.3
7 13 15 15736.3
7 13 30 15755
7 13 45 15443.3
7 13 0 14886.7
7 13 15 15217.9
7 13 30 14916.8
7 13 45 15199.8
7 13 0 14770.3
7 13 15 14448.8
7 13 30 14478.1
7 13 45 14752.8
7 13 0 14186.1
7 13 15 14484.5
7 13 30 14214.8
7 13 45 14501.8
7 13 0 14216.3
7 13 15 13923.4
7 13 30 13923.4
7 13 45 14216.3
7 13 0 14680.8
7 13 15 14390.3
7 13 30 14663.4
7 13 45 14361.3
7 13 0 15396.9
7 13 15 15061.8
7 13 30 15092.3
7 13 45 15378.7
7 13 0 16287.8
7 13 15 16320.7
7 13 30 16630.4
7 13 45 16650.2
7 13 0 17513.7
7 13 15 17882.2
7 13 30 17903.4
7 13 45 17549.2
7 13 0 19133.9
7 13 15 18739.7
7 13 30 18777.6
7 13 45 19156.7
7 13 0 19265.1
7 13 15 19693.8
7 13 30 19304.1
7 13 45 19670.4
7 13 0 20206.8
7 13 15 19790.5
7 13 30 19830.6
7 13 45 19790.5
7 13 0 19216.3
7 13 15 19177.6
7 13 30 19581
7 13 45 19604.2
7 13 0 18777.6
7 13 15 19156.7
7 13 30 18739.7
7 13 45 19133.9
7 13 0 20385.7
7 13 15 19965.7
7 13 30 20006.1
7 13 45 20409.9
7 13 0 20768
7 13 15 20315.9
7 13 30 20357
7 13 45 20357
7 13 0 20269.3
7 13 15 20678.4
7 13 30 20653.9
7 13 45 20678.4
7 13 0 20564.5
7 13 15 20181.5
7 13 30 20140.8
7 13 45 20588.9
7 13 0 20028
7 13 15 20051.8
7 13 30 19615.4
7 13 45 19655.1
7 13 0 18865.4
7 13 15 19246.2
7 13 30 18827.3
7 13 45 19223.3
7 13 0 19335.7
7 13 15 18914.8
7 13 30 19312.7
7 13 45 18953.1
7 13 0 19002.4
7 13 15 19402.1
7 13 30 19040.8
7 13 45 19425.2
7 13 0 18776.3
7 13 15 18389.4
7 13 30 18798.6
7 13 45 18426.6
7 13 0 17987.9
7 13 15 18329.2
7 13 30 18351
7 13 45 17951.6
