7 7 0 15340
7 7 15 15006.2
7 7 30 15321.8
7 7 45 15340
7 7 0 14523.9
7 7 15 14799.5
7 7 30 14817.1
7 7 45 14523.9
7 7 0 14096.7
7 7 15 14068.3
7 7 30 14068.3
7 7 45 14381.3
7 7 0 14103
7 7 15 13840.4
7 7 30 14119.8
7 7 45 13812.5
7 7 0 13841.9
7 7 15 13556.7
7 7 30 13584.1
7 7 45 13556.7
7 7 0 14011.3
7 7 15 14277.2
7 7 30 14011.3
7 7 45 14294.1
7 7 0 14665.1
7 7 15 14991.4
7 7 30 14694.8
7 7 45 14973.6
7 7 0 15890.9
7 7 15 16192.4
7 7 30 16211.6
7 7 45 15858.8
7 7 0 17431.9
7 7 15 17052.5
7 7 30 17087
7 7 45 17411.2
7 7 0 18630
7 7 15 18283
7 7 30 18246.1
7 7 45 18283
7 7 0 18795.6
7 7 15 19152.3
7 7 30 18757.7
7 7 45 19152.3
7 7 0 19269.3
7 7 15 19698
7 7 30 19308.3
7 7 45 19674.6
7 7 0 18672.4
7 7 15 19065.2
7 7 30 19087.9
7 7 45 19065.2
7 7 0 18283
7 7 15 18246.1
7 7 30 18652.1
7 7 45 18630
7 7 0 19872.3
7 7 15 19848.7
7 7 30 19439.8
7 7 45 19479.1
7 7 0 20221
7 7 15 19780.9
7 7 30 20197
7 7 45 20221
7 7 0 20109.9
7 7 15 20133.8
7 7 30 19735.4
7 7 45 19735.4
7 7 0 20046.6
7 7 15 20022.8
7 7 30 19650
7 7 45 19610.3
7 7 0 19523.7
7 7 15 19137.4
7 7 30 19500.5
7 7 45 19098.8
7 7 0 18739.3
7 7 15 18331.4
7 7 30 18717
7 7 45 18368.5
7 7 0 18416.7
7 7 15 18826.4
7 7 30 18453.9
7 7 45 18804.1
7 7 0 18539.3
7 7 15 18913.6
7 7 30 18539.3
7 7 45 18501.9
7 7 0 18303.5
7 7 15 17941.3
7 7 30 17905.1
7 7 45 18281.7
7 7 0 17867.7
7 7 15 17478.8
7 7 30 17514.1
7 7 45 17846.5
