7 2 0 12468.4
7 2 15 12468.4
7 2 30 12745.9
7 2 45 12745.9
7 2 0 12296.7
7 2 15 12043.4
7 2 30 12067.7
7 2 45 12296.7
7 2 0 11949.2
7 2 15 11712.8
7 2 30 11935
7 2 45 11712.8
7 2 0 11476.6
7 2 15 11718
7 2 30 11499.8
7 2 45 11732
7 2 0 11264.1
7 2 15 11514.7
7 2 30 11286.9
7 2 45 11264.1
7 2 0 11641.8
7 2 15 11618.3
7 2 30 11876.8
7 2 45 11862.7
7 2 0 12209.7
7 2 15 12456.2
7 2 30 12441.4
7 2 45 12185.1
7 2 0 13454.1
7 2 15 13470
7 2 30 13203.5
7 2 45 13470
7 2 0 14197.3
7 2 15 14168.7
7 2 30 14466.7
7 2 45 14466.7
7 2 0 15479.4
7 2 15 15497.8
7 2 30 15191.2
7 2 45 15160.5
7 2 0 15585.5
7 2 15 15617.1
7 2 30 15913.4
7 2 45 15913.4
7 2 0 16366.8
7 2 15 16347.4
7 2 30 16010.6
7 2 45 16366.8
7 2 0 15859.9
7 2 15 15546.1
7 2 30 15841.1
7 2 45 15514.7
7 2 0 15160.5
7 2 15 15191.2
7 2 30 15479.4
7 2 45 15497.8
7 2 0 16185
7 2 15 16511.7
7 2 30 16152.3
7 2 45 16492.1
7 2 0 16468.9
7 2 15 16801.3
7 2 30 16781.4
7 2 45 16435.7
7 2 0 16397.9
7 2 15 16709.1
7 2 30 16728.9
7 2 45 16364.8
7 2 0 16294
7 2 15 16326.9
7 2 30 16636.7
7 2 45 16656.5
7 2 0 16222
7 2 15 16202.7
7 2 30 15901
7 2 45 15868.9
7 2 0 15262.1
7 2 15 15231.3
7 2 30 15231.3
7 2 45 15551.7
7 2 0 15302.2
7 2 15 15642.6
7 2 30 15333.1
7 2 45 15642.6
7 2 0 15715.1
7 2 15 15696.4
7 2 30 15373
7 2 45 15404.1
7 2 0 14907.2
7 2 15 15190.1
7 2 30 15208.1
7 2 45 14877.1
7 2 0 14846
7 2 15 14522.9
7 2 30 14828.4
7 2 45 14552.3
