7 26 0 15213
7 26 15 15501.7
7 26 30 15501.7
7 26 45 15182.3
7 26 0 14973.2
7 26 15 14664.7
7 26 30 14991
7 26 45 14694.4
7 26 0 14262.2
7 26 15 14550.1
7 26 30 14550.1
7 26 45 14550.1
7 26 0 13974.6
7 26 15 14268.6
7 26 30 14002.9
7 26 45 14002.9
7 26 0 13715.8
7 26 15 14004.4
7 26 30 14021
7 26 45 13743.6
7 26 0 14444.8
7 26 15 14147.2
7 26 30 14461.9
7 26 45 14175.8
7 26 0 14837.3
7 26 15 14867.3
7 26 30 15149.4
7 26 45 15167.4
7 26 0 16044.9
7 26 15 16077.4
7 26 30 16401.9
7 26 45 16382.5
7 26 0 17252.6
7 26 15 17636.5
7 26 30 17287.5
7 26 45 17615.6
7 26 0 18871
7 26 15 18460.3
7 26 30 18497.7
7 26 45 18848.6
7 26 0 19400.1
7 26 15 19016.3
7 26 30 18977.9
7 26 45 19400.1
7 26 0 19534.9
7 26 15 19495.5
7 26 30 19929.2
7 26 45 19905.6
7 26 0 18929.8
7 26 15 18891.6
7 26 30 19312
7 26 45 19289
7 26 0 18871
7 26 15 18460.3
7 26 30 18848.6
7 26 45 18460.3
7 26 0 19707.8
7 26 15 19668
7 26 30 20105.6
7 26 45 20081.7
7 26 0 20013.1
7 26 15 20434
7 26 30 20053.5
7 26 45 20434
7 26 0 19926.8
7 26 15 20346
7 26 30 19967.1
7 26 45 20370.1
7 26 0 19880.7
7 26 15 20257.9
7 26 30 19840.5
7 26 45 20282
7 26 0 19752.9
7 26 15 19322.9
7 26 30 19729.4
7 26 45 19362
7 26 0 18546.6
7 26 15 18936.7
7 26 30 18584.1
7 26 45 18959.2
7 26 0 18632.8
7 26 15 18670.5
7 26 30 19024.8
7 26 45 19047.4
7 26 0 18719.1
7 26 15 19112.9
7 26 30 19135.6
7 26 45 18757
7 26 0 18115.3
7 26 15 18151.9
7 26 30 18518.3
7 26 45 18496.3
7 26 0 17683.9
7 26 15 18055.9
7 26 30 18077.4
7 26 45 17719.7
