7 15 0 13412.7
7 15 15 13385.6
7 15 30 13683.4
7 15 45 13683.4
7 15 0 12955.4
7 15 15 12929.3
7 15 30 13201.2
7 15 45 12955.4
7 15 0 12813
7 15 15 12574.4
7 15 30 12828.2
7 15 45 12813
7 15 0 12320.8
7 15 15 12345.7
7 15 30 12580
7 15 45 12320.8
7 15 0 12117.1
7 15 15 12092.7
7 15 30 12347
7 15 45 12347
7 15 0 12498.2
7 15 15 12735.3
7 15 30 12472.9
7 15 45 12750.4
7 15 0 13356.5
7 15 15 13107.8
7 15 30 13372.4
7 15 45 13081.4
7 15 0 14460.9
7 15 15 14174.7
7 15 30 14443.7
7 15 45 14146.1
7 15 0 15549.3
7 15 15 15210.9
7 15 30 15530.9
7 15 45 15549.3
7 15 0 16637.8
7 15 15 16308.6
7 15 30 16618
7 15 45 16275.7
7 15 0 17084
7 15 15 17104.3
7 15 30 16765.8
7 15 45 16732
7 15 0 17549.9
7 15 15 17223.1
7 15 30 17188.3
7 15 45 17570.7
7 15 0 17026.5
7 15 15 17006.3
7 15 30 16689.6
7 15 45 16655.9
7 15 0 16618
7 15 15 16275.7
7 15 30 16637.8
7 15 45 16308.6
7 15 0 17705.2
7 15 15 17726.2
7 15 30 17375.5
7 15 45 17340.4
7 15 0 17680.3
7 15 15 17644.6
7 15 30 18037.2
7 15 45 18015.8
7 15 0 17568.6
7 15 15 17959.5
7 15 30 17938.1
7 15 45 17604.1
7 15 0 17527.9
7 15 15 17492.5
7 15 30 17881.7
7 15 45 17860.5
7 15 0 17070.7
7 15 15 17415.2
7 15 30 17394.6
7 15 45 17036.2
7 15 0 16351.7
7 15 15 16384.8
7 15 30 16695.7
7 15 45 16715.5
7 15 0 16427.8
7 15 15 16773.3
7 15 30 16461
7 15 45 16461
7 15 0 16537.2
7 15 15 16871
7 15 30 16851
7 15 45 16503.8
7 15 0 16307.4
7 15 15 15971.4
7 15 30 16003.7
7 15 45 16326.8
7 15 0 15919.1
7 15 15 15938.1
7 15 30 15622.7
7 15 45 15591.2
