7 17 0 15495.8
7 17 15 15789.8
7 17 30 15464.5
7 17 45 15464.5
7 17 0 14967.5
7 17 15 14937.3
7 17 30 15269.7
7 17 45 15269.7
7 17 0 14803
7 17 15 14498
7 17 30 14820.6
7 17 45 14803
7 17 0 14551.1
7 17 15 14263.2
7 17 30 14533.8
7 17 45 14234.4
7 17 0 14281.6
7 17 15 14264.7
7 17 30 14281.6
7 17 45 13999
7 17 0 14713.2
7 17 15 14439.3
7 17 30 14410.1
7 17 45 14439.3
7 17 0 15113.1
7 17 15 15431
7 17 30 15449.3
7 17 45 15143.6
7 17 0 16376.2
7 17 15 16343.2
7 17 30 16687
7 17 45 16706.8
7 17 0 17964.3
7 17 15 17608.9
7 17 30 17573.3
7 17 45 17943
7 17 0 19221.8
7 17 15 18803.5
7 17 30 19199
7 17 45 18841.5
7 17 0 19330.6
7 17 15 19737.3
7 17 30 19369.7
7 17 45 19760.7
7 17 0 20275.6
7 17 15 19857.8
7 17 30 19898
7 17 45 20299.7
7 17 0 19281.7
7 17 15 19242.8
7 17 30 19670.9
7 17 45 19647.6
7 17 0 19221.8
7 17 15 19199
7 17 30 18841.5
7 17 45 18803.5
7 17 0 20074.1
7 17 15 20455
7 17 30 20033.6
7 17 45 20479.3
7 17 0 20426.3
7 17 15 20813.9
7 17 30 20385
7 17 45 20838.6
7 17 0 20297.2
7 17 15 20338.2
7 17 30 20748.8
7 17 45 20724.1
7 17 0 20659
7 17 15 20209.3
7 17 30 20250.2
7 17 45 20634.4
7 17 0 20096.1
7 17 15 19682.1
7 17 30 20120
7 17 45 19721.9
7 17 0 18929.5
7 17 15 19288.7
7 17 30 18891.3
7 17 45 19311.6
7 17 0 19017.6
7 17 15 18979.2
7 17 30 19378.4
7 17 45 19401.5
7 17 0 19067
7 17 15 19105.6
7 17 30 19491.3
7 17 45 19468.1
7 17 0 18452
7 17 15 18862.5
7 17 30 18489.3
7 17 45 18452
7 17 0 18049.1
7 17 15 18391.6
7 17 30 18413.4
7 17 45 18012.7
