7 6 0 15717.9
7 6 15 15717.9
7 6 30 15736.6
7 6 45 15394.1
7 6 0 15182.1
7 6 15 14869.3
7 6 30 15200.1
7 6 45 14899.4
7 6 0 14753.1
7 6 15 14432
7 6 30 14461.2
7 6 45 14753.1
7 6 0 14169.6
7 6 15 14467.6
7 6 30 14484.8
7 6 45 14198.2
7 6 0 14216.6
7 6 15 14199.7
7 6 30 13935.3
7 6 45 13935.3
7 6 0 14663.7
7 6 15 14646.3
7 6 30 14344.5
7 6 45 14373.5
7 6 0 15074.7
7 6 15 15044.2
7 6 30 15379
7 6 45 15360.7
7 6 0 16268.8
7 6 15 16611
7 6 30 16630.7
7 6 45 16301.7
7 6 0 17861.3
7 6 15 17882.5
7 6 30 17493.3
7 6 45 17528.7
7 6 0 19134.3
7 6 15 19111.6
7 6 30 18717.8
7 6 45 18755.7
7 6 0 19281.6
7 6 15 19242.6
7 6 30 19647.4
7 6 45 19670.8
7 6 0 19807.4
7 6 15 20183.3
7 6 30 20207.2
7 6 45 19767.4
7 6 0 19558.1
7 6 15 19193.9
7 6 30 19155.2
7 6 45 19581.4
7 6 0 18755.7
7 6 15 19111.6
7 6 30 19134.3
7 6 45 18717.8
7 6 0 20386.1
7 6 15 20361.9
7 6 30 19942.4
7 6 45 19982.7
7 6 0 20719.1
7 6 15 20333.3
7 6 30 20743.7
7 6 45 20292.2
7 6 0 20245.6
7 6 15 20654.3
7 6 30 20629.8
7 6 45 20204.8
7 6 0 20564.9
7 6 15 20117.3
7 6 30 20158
7 6 45 20117.3
7 6 0 19592.5
7 6 15 19632.1
7 6 30 20028.4
7 6 45 20004.6
7 6 0 18805.3
7 6 15 19200.9
7 6 30 19223.7
7 6 45 18843.3
7 6 0 19313.1
7 6 15 19290.2
7 6 30 18931
7 6 45 18892.8
7 6 0 19018.6
7 6 15 19402.5
7 6 30 18980.2
7 6 45 19379.5
7 6 0 18776.6
7 6 15 18368
7 6 30 18405.1
7 6 45 18754.3
7 6 0 18329.6
7 6 15 17930.6
7 6 30 18307.8
7 6 45 18307.8
