7 8 0 13402.8
7 8 15 13402.8
7 8 30 13126.7
7 8 45 13153.2
7 8 0 12961.3
7 8 15 12704.8
7 8 30 12945.9
7 8 45 12679.2
7 8 0 12306.2
7 8 15 12331.1
7 8 30 12580
7 8 45 12331.1
7 8 0 12106.9
7 8 15 12082.5
7 8 30 12336.7
7 8 45 12351.3
7 8 0 11858.7
7 8 15 12108.2
7 8 30 12122.6
7 8 45 12122.6
7 8 0 12231.7
7 8 15 12503.8
7 8 30 12489
7 8 45 12256.4
7 8 0 12854.3
7 8 15 13113.7
7 8 30 12828.3
7 8 45 13098.2
7 8 0 14164.3
7 8 15 13900.6
7 8 30 14181.1
7 8 45 13872.5
7 8 0 14946.8
7 8 15 14916.7
7 8 30 15248.5
7 8 45 15230.4
7 8 0 15960.8
7 8 15 15993.1
7 8 30 16296.6
7 8 45 16296.6
7 8 0 16408.3
7 8 15 16773.4
7 8 30 16441.5
7 8 45 16441.5
7 8 0 17210.4
7 8 15 16855.8
7 8 30 16889.9
7 8 45 17230.9
7 8 0 16677.3
7 8 15 16697.2
7 8 30 16366.8
7 8 45 16333.7
7 8 0 15993.1
7 8 15 16315.9
7 8 30 15960.8
7 8 45 15960.8
7 8 0 17383.3
7 8 15 17005
7 8 30 17362.7
7 8 45 17362.7
7 8 0 17667.3
7 8 15 17303.3
7 8 30 17338.3
7 8 45 17667.3
7 8 0 17263.6
7 8 15 17228.7
7 8 30 17591.2
7 8 45 17612.1
7 8 0 17535.8
7 8 15 17154.2
7 8 30 17515
7 8 45 17188.9
7 8 0 16740.5
7 8 15 17078.4
7 8 30 16706.7
7 8 45 17058.1
7 8 0 16392.2
7 8 15 16372.7
7 8 30 16035.4
7 8 45 16372.7
7 8 0 16110
7 8 15 16468.4
7 8 30 16142.6
7 8 45 16448.9
7 8 0 16217.3
7 8 15 16525
7 8 30 16544.7
7 8 45 16184.6
7 8 0 15662.5
7 8 15 15992
7 8 30 16011
7 8 45 15694.2
7 8 0 15320.5
7 8 15 15629.8
7 8 30 15289.6
7 8 45 15611.2
