7 5 0 15293.4
7 5 15 15008.6
7 5 30 15311.6
7 5 45 14978.3
7 5 0 14789.6
7 5 15 14496.9
7 5 30 14467.7
7 5 45 14789.6
7 5 0 14354.6
7 5 15 14042.2
7 5 30 14337.5
7 5 45 14337.5
7 5 0 13786.9
7 5 15 13814.7
7 5 30 14076.9
7 5 45 14093.6
7 5 0 13531.5
7 5 15 13558.9
7 5 30 13832.6
7 5 45 13531.5
7 5 0 13985.3
7 5 15 14250.7
7 5 30 14267.6
7 5 45 13985.3
7 5 0 14945.8
7 5 15 14667.5
7 5 30 14667.5
7 5 45 14637.9
7 5 0 16162.3
7 5 15 15861.4
7 5 30 15829.3
7 5 45 16181.5
7 5 0 17399.5
7 5 15 17378.8
7 5 30 17020.8
7 5 45 17055.2
7 5 0 18595.4
7 5 15 18617.5
7 5 30 18212.3
7 5 45 18249.1
7 5 0 18722.9
7 5 15 19116.7
7 5 30 18760.8
7 5 45 19139.5
7 5 0 19272.4
7 5 15 19661.4
7 5 30 19638.1
7 5 45 19233.5
7 5 0 19052.5
7 5 15 18675.5
7 5 30 18637.8
7 5 45 19029.8
7 5 0 18212.3
7 5 15 18595.4
7 5 30 18617.5
7 5 45 18617.5
7 5 0 19835.4
7 5 15 19811.9
7 5 30 19403.7
7 5 45 19443
7 5 0 19784.1
7 5 15 20183.4
7 5 30 19744.1
7 5 45 20159.5
7 5 0 19659
7 5 15 20072.6
7 5 30 19698.8
7 5 45 20096.4
7 5 0 19573.9
7 5 15 20009.4
7 5 30 19985.7
7 5 45 19613.5
7 5 0 19063.3
7 5 15 19487.4
7 5 30 19101.9
7 5 45 19464.3
7 5 0 18704.5
7 5 15 18682.3
7 5 30 18334.4
7 5 45 18297.4
7 5 0 18382.5
7 5 15 18419.6
7 5 30 18791.5
7 5 45 18769.2
7 5 0 18856
7 5 15 18878.5
7 5 30 18467.6
7 5 45 18504.9
7 5 0 17871.8
7 5 15 18269.5
7 5 30 17908
7 5 45 18247.8
7 5 0 17834.5
7 5 15 17446.3
7 5 30 17813.3
7 5 45 17481.6
