7 23 0 14050.4
7 23 15 13788.8
7 23 30 13788.8
7 23 45 13761
7 23 0 13291.8
7 23 15 13571.4
7 23 30 13587.6
7 23 45 13587.6
7 23 0 12927
7 23 15 13172.3
7 23 30 13187.9
7 23 45 13187.9
7 23 0 12948.2
7 23 15 12692
7 23 30 12666.3
7 23 45 12692
7 23 0 12431.8
7 23 15 12708.4
7 23 30 12456.9
7 23 45 12431.8
7 23 0 12848.7
7 23 15 12822.7
7 23 30 13092.5
7 23 45 13108
7 23 0 13731.1
7 23 15 13747.4
7 23 30 13475.4
7 23 45 13448.2
7 23 0 14866.4
7 23 15 14542.8
7 23 30 14572.3
7 23 45 14848.8
7 23 0 15669.1
7 23 15 15985.4
7 23 30 15966.4
7 23 45 15637.5
7 23 0 17084.1
7 23 15 16765.9
7 23 30 17104.4
7 23 45 17084.1
7 23 0 17563
7 23 15 17583.9
7 23 30 17563
7 23 45 17563
7 23 0 17670.3
7 23 15 17670.3
7 23 30 17670.3
7 23 45 18063.5
7 23 0 17157.7
7 23 15 17504
7 23 30 17123
7 23 45 17157.7
7 23 0 17084.1
7 23 15 16765.9
7 23 30 17104.4
7 23 45 17084.1
7 23 0 18223.3
7 23 15 17826.7
7 23 30 18201.7
7 23 45 17862.8
7 23 0 18139.5
7 23 15 18521
7 23 30 18176.1
7 23 45 18543
7 23 0 18097.8
7 23 15 18061.3
7 23 30 18463.1
7 23 45 18441.2
7 23 0 18383.2
7 23 15 18019.5
7 23 30 18361.4
7 23 45 17983.1
7 23 0 17514
7 23 15 17882.4
7 23 30 17549.4
7 23 45 17903.6
7 23 0 17163.9
7 23 15 16810.3
7 23 30 16844.3
7 23 45 17184.3
7 23 0 17264.2
7 23 15 16888.5
7 23 30 17243.7
7 23 45 16922.6
7 23 0 17344.1
7 23 15 17001
7 23 30 16966.6
7 23 45 17323.5
7 23 0 16764.7
7 23 15 16419.3
7 23 30 16452.5
7 23 45 16784.6
7 23 0 16060.8
7 23 15 16365.6
7 23 30 16385
7 23 45 16028.4
