7 11 0 15525.4
7 11 15 15525.4
7 11 30 15543.9
7 11 45 15543.9
7 11 0 15014
7 11 15 14996.2
7 11 30 14716.9
7 11 45 14687.2
7 11 0 14572.4
7 11 15 14255.2
7 11 30 14255.2
7 11 45 14284.1
7 11 0 14307.4
7 11 15 14024.4
7 11 30 14290.5
7 11 45 14290.5
7 11 0 14042.5
7 11 15 14025.8
7 11 30 13736.9
7 11 45 13736.9
7 11 0 14466.9
7 11 15 14197.5
7 11 30 14197.5
7 11 45 14168.8
7 11 0 15190.6
7 11 15 15172.6
7 11 30 15190.6
7 11 45 14860
7 11 0 16407.6
7 11 15 16427.1
7 11 30 16069.5
7 11 45 16102
7 11 0 17314
7 11 15 17279.1
7 11 30 17663.5
7 11 45 17642.5
7 11 0 18488.6
7 11 15 18526
7 11 30 18900
7 11 45 18877.5
7 11 0 19406.8
7 11 15 19045.4
7 11 30 19429.9
7 11 45 19007
7 11 0 19959.8
7 11 15 19525.3
7 11 30 19564.8
7 11 45 19564.8
7 11 0 19318.6
7 11 15 18920.6
7 11 30 18958.8
7 11 45 19341.5
7 11 0 18526
7 11 15 18900
7 11 30 18488.6
7 11 45 18877.5
7 11 0 19738
7 11 15 20112.5
7 11 30 20136.4
7 11 45 19698.1
7 11 0 20489.7
7 11 15 20465.3
7 11 30 20043.7
7 11 45 20084.3
7 11 0 19957.3
7 11 15 20401.4
7 11 30 20377.1
7 11 45 19997.7
7 11 0 20288.9
7 11 15 19870.9
7 11 30 20313
7 11 45 19911.1
7 11 0 19391.7
7 11 15 19783.1
7 11 30 19759.6
7 11 45 19352.6
7 11 0 18575
7 11 15 18988.3
7 11 30 18612.6
7 11 45 18965.7
7 11 0 18661.4
7 11 15 19076.6
7 11 30 19053.9
7 11 45 18699.1
7 11 0 18747.8
7 11 15 19164.9
7 11 30 18785.7
7 11 45 18747.8
7 11 0 18143
7 11 15 18546.7
7 11 30 18524.7
7 11 45 18179.7
7 11 0 18105.1
7 11 15 18083.6
7 11 30 17746.9
7 11 45 17711
