7 28 0 15333.5
7 28 15 15048
7 28 30 15048
7 28 45 15017.6
7 28 0 14505.7
7 28 15 14828.4
7 28 30 14828.4
7 28 45 14810.8
7 28 0 14107.5
7 28 15 14392.3
7 28 30 14079
7 28 45 14079
7 28 0 14113.8
7 28 15 13851
7 28 30 13823
7 28 45 14130.6
7 28 0 13868.9
7 28 15 13567.1
7 28 30 13852.4
7 28 45 13594.5
7 28 0 14288.1
7 28 15 14022
7 28 30 14305
7 28 45 13993.7
7 28 0 14676.3
7 28 15 15002.8
7 28 30 14706
7 28 45 14985
7 28 0 15903
7 28 15 16224
7 28 30 15870.9
7 28 45 16224
7 28 0 17424.5
7 28 15 17100
7 28 30 17445.2
7 28 45 17065.5
7 28 0 18644.2
7 28 15 18260.1
7 28 30 18666.3
7 28 45 18644.2
7 28 0 18810
7 28 15 18772
7 28 30 19166.9
7 28 45 19189.7
7 28 0 19323
7 28 15 19284
7 28 30 19713
7 28 45 19689.6
7 28 0 19102.5
7 28 15 19079.8
7 28 30 18686.7
7 28 45 18724.5
7 28 0 18644.2
7 28 15 18260.1
7 28 30 18297
7 28 45 18666.3
7 28 0 19454.6
7 28 15 19863.9
7 28 30 19887.5
7 28 45 19494
7 28 0 19836
7 28 15 19795.9
7 28 30 20212.4
7 28 45 20236.4
7 28 0 20149.2
7 28 15 19750.5
7 28 30 20125.2
7 28 45 19710.6
7 28 0 19665
7 28 15 20038.1
7 28 30 19625.3
7 28 45 20061.9
7 28 0 19113.3
7 28 15 19538.6
7 28 30 19152
7 28 45 19152
7 28 0 18382.5
7 28 15 18345.4
7 28 30 18753.6
7 28 45 18731.3
7 28 0 18430.7
7 28 15 18468
7 28 30 18818.4
7 28 45 18818.4
7 28 0 18928
7 28 15 18516
7 28 30 18553.5
7 28 45 18905.5
7 28 0 17955
7 28 15 18317.4
7 28 30 18295.7
7 28 45 18317.4
7 28 0 17881.3
7 28 15 17527.5
7 28 30 17492.1
7 28 45 17860.1
