7 10 0 15283.1
7 10 15 14998.5
7 10 30 14968.2
7 10 45 14998.5
7 10 0 14457.9
7 10 15 14779.6
7 10 30 14457.9
7 10 45 14487.2
7 10 0 14061.1
7 10 15 14344.9
7 10 30 14327.9
7 10 45 14327.9
7 10 0 14084.1
7 10 15 13805.4
7 10 30 14084.1
7 10 45 13777.5
7 10 0 13522.4
7 10 15 13549.8
7 10 30 13522.4
7 10 45 13806.9
7 10 0 13975.8
7 10 15 13947.6
7 10 30 14258
7 10 45 14241
7 10 0 14953.5
7 10 15 14657.6
7 10 30 14628
7 10 45 14935.7
7 10 0 15850.7
7 10 15 16151.4
7 10 30 15818.7
7 10 45 16170.6
7 10 0 17387.8
7 10 15 17009.3
7 10 30 17043.7
7 10 45 17367.1
7 10 0 18236.8
7 10 15 18200
7 10 30 18582.8
7 10 45 18604.9
7 10 0 18710.2
7 10 15 19126.5
7 10 30 19103.8
7 10 45 19126.5
7 10 0 19220.5
7 10 15 19624.8
7 10 30 19648.2
7 10 45 19259.4
7 10 0 19017
7 10 15 19039.6
7 10 30 18662.9
7 10 45 19017
7 10 0 18582.8
7 10 15 18200
7 10 30 18236.8
7 10 45 18604.9
7 10 0 19390.6
7 10 15 19822
7 10 30 19429.8
7 10 45 19798.5
7 10 0 19770.7
7 10 15 20169.8
7 10 30 20145.9
7 10 45 20145.9
7 10 0 19645.8
7 10 15 20082.9
7 10 30 20059
7 10 45 19685.5
7 10 0 19600.3
7 10 15 19560.7
7 10 30 19995.9
7 10 45 19972.2
7 10 0 19089
7 10 15 19050.4
7 10 30 19451.2
7 10 45 19474.3
7 10 0 18322
7 10 15 18669.6
7 10 30 18285
7 10 45 18691.8
7 10 0 18370.1
7 10 15 18407.2
7 10 30 18756.5
7 10 45 18778.8
7 10 0 18455.1
7 10 15 18843.3
7 10 30 18865.7
7 10 45 18492.4
7 10 0 17895.9
7 10 15 18257.1
7 10 30 17859.8
7 10 45 18235.5
7 10 0 17469.8
7 10 15 17822.4
7 10 30 17434.5
7 10 45 17801.3
