7 27 0 15244.8
7 27 15 15226.7
7 27 30 14913
7 27 45 14943.2
7 27 0 14725.1
7 27 15 14433.7
7 27 30 14707.6
7 27 45 14404.6
7 27 0 14292
7 27 15 13980.9
7 27 30 13980.9
7 27 45 14292
7 27 0 13726.7
7 27 15 13754.5
7 27 30 14015.5
7 27 45 14032.1
7 27 0 13755.9
7 27 15 13499.8
7 27 30 13772.3
7 27 45 13755.9
7 27 0 14188.5
7 27 15 14205.4
7 27 30 13924.3
7 27 45 13896.2
7 27 0 14898.3
7 27 15 14603.5
7 27 30 14880.6
7 27 45 14574.1
7 27 0 16091.8
7 27 15 16111
7 27 30 15792.2
7 27 45 15760.3
7 27 0 17303.1
7 27 15 16980.9
7 27 30 16946.6
7 27 45 17323.6
7 27 0 18536.3
7 27 15 18169.5
7 27 30 18132.8
7 27 45 18514.3
7 27 0 18678.9
7 27 15 19033.4
7 27 30 18641.2
7 27 45 19033.4
7 27 0 19575.7
7 27 15 19552.5
7 27 30 19149.6
7 27 45 19149.6
7 27 0 18946.8
7 27 15 18594
7 27 30 18556.5
7 27 45 18969.4
7 27 0 18514.3
7 27 15 18132.8
7 27 30 18169.5
7 27 45 18169.5
7 27 0 19725.5
7 27 15 19748.9
7 27 30 19319.1
7 27 45 19358.2
7 27 0 19658
7 27 15 19697.8
7 27 30 20071.5
7 27 45 20095.4
7 27 0 19985
7 27 15 20008.8
7 27 30 19573.3
7 27 45 19612.9
7 27 0 19898.5
7 27 15 19488.6
7 27 30 19528
7 27 45 19922.2
7 27 0 18980.2
7 27 15 19402.5
7 27 30 19018.6
7 27 45 19402.5
7 27 0 18600.8
7 27 15 18254.4
7 27 30 18622.9
7 27 45 18254.4
7 27 0 18339.3
7 27 15 18709.5
7 27 30 18302.3
7 27 45 18687.3
7 27 0 18773.8
7 27 15 18387
7 27 30 18796.1
7 27 45 18424.2
7 27 0 17829.9
7 27 15 17793.9
7 27 30 18189.8
7 27 45 18168.2
7 27 0 17405.4
7 27 15 17370.2
7 27 30 17735.6
7 27 45 17756.7
