7 12 0 15603.8
7 12 15 15603.8
7 12 30 15622.3
7 12 45 15622.3
7 12 0 15071.8
7 12 15 15089.7
7 12 30 14791.2
7 12 45 14791.2
7 12 0 14327.1
7 12 15 14356.1
7 12 30 14327.1
7 12 45 14645.9
7 12 0 14066.6
7 12 15 14362.5
7 12 30 14379.6
7 12 45 14095.1
7 12 0 14113.3
7 12 15 13806.2
7 12 30 14096.6
7 12 45 13834.1
7 12 0 14269.1
7 12 15 14240.3
7 12 30 14539.9
7 12 45 14539.9
7 12 0 14935
7 12 15 14965.2
7 12 30 15267.3
7 12 45 15249.1
7 12 0 16150.6
7 12 15 16509.9
7 12 30 16490.3
7 12 45 16150.6
7 12 0 17731.5
7 12 15 17752.6
7 12 30 17401.4
7 12 45 17401.4
7 12 0 18995.3
7 12 15 18581.9
7 12 30 18972.8
7 12 45 18619.5
7 12 0 19141.5
7 12 15 19504.7
7 12 30 19527.9
7 12 45 19141.5
7 12 0 20060.5
7 12 15 20036.6
7 12 30 19623.8
7 12 45 19623.8
7 12 0 19416
7 12 15 19439.1
7 12 30 19016
7 12 45 19054.5
7 12 0 18995.3
7 12 15 18972.8
7 12 30 18581.9
7 12 45 18619.5
7 12 0 19797.5
7 12 15 20238
7 12 30 20214
7 12 45 19837.5
7 12 0 20185.6
7 12 15 20568.6
7 12 30 20185.6
7 12 45 20144.8
7 12 0 20479.9
7 12 15 20098.6
7 12 30 20058
7 12 45 20479.9
7 12 0 20391.3
7 12 15 20011.6
7 12 30 20415.5
7 12 45 19971.2
7 12 0 19882.9
7 12 15 19450.2
7 12 30 19859.3
7 12 45 19882.9
7 12 0 19061.4
7 12 15 19084.1
7 12 30 18668.7
7 12 45 18706.5
7 12 0 19172.8
7 12 15 18793.5
7 12 30 18755.5
7 12 45 19150.1
7 12 0 18842.4
7 12 15 18880.5
7 12 30 19261.6
7 12 45 19238.7
7 12 0 18640.2
7 12 15 18271.4
7 12 30 18618.1
7 12 45 18234.5
7 12 0 18196.4
7 12 15 17836.4
7 12 30 18174.8
7 12 45 17800.4
