7 29 0 13015
7 29 15 12772.6
7 29 30 13030.4
7 29 45 13015
7 29 0 12571.3
7 29 15 12312.3
7 29 30 12337.2
7 29 45 12337.2
7 29 0 12201.5
7 29 15 12216
7 29 30 11974.3
7 29 45 11950.2
7 29 0 11756.6
7 29 15 11732.9
7 29 30 11732.9
7 29 45 11993.9
7 29 0 11771.8
7 29 15 11515.6
7 29 30 11757.8
7 29 45 11538.9
7 29 0 11877.7
7 29 15 12127.6
7 29 30 11901.8
7 29 45 12142
7 29 0 12734.3
7 29 15 12457.1
7 29 30 12482.3
7 29 45 12719.2
7 29 0 13754.5
7 29 15 13471.1
7 29 30 13770.8
7 29 45 13770.8
7 29 0 14514.3
7 29 15 14807.3
7 29 30 14485
7 29 45 14789.7
7 29 0 15499
7 29 15 15530.3
7 29 30 15843.8
7 29 45 15825
7 29 0 16268.7
7 29 15 15933.5
7 29 30 15965.8
7 29 45 16268.7
7 29 0 16401.2
7 29 15 16712.4
7 29 30 16732.3
7 29 45 16368.1
7 29 0 15861.1
7 29 15 16214
7 29 30 16194.8
7 29 45 15893.2
7 29 0 15499
7 29 15 15843.8
7 29 30 15825
7 29 45 15530.3
7 29 0 16880.4
7 29 15 16513
7 29 30 16880.4
7 29 45 16513
7 29 0 17176.5
7 29 15 16802.7
7 29 30 16836.6
7 29 45 16836.6
7 29 0 17082.2
7 29 15 16764.1
7 29 30 16730.2
7 29 45 17102.5
7 29 0 16657.8
7 29 15 17028.4
7 29 30 17008.2
7 29 45 16691.5
7 29 0 16223.3
7 29 15 16256.1
7 29 30 16584.2
7 29 45 16564.5
7 29 0 15571.4
7 29 15 15917.9
7 29 30 15602.9
7 29 45 15899
7 29 0 15991.9
7 29 15 15972.9
7 29 30 15643.8
7 29 45 15972.9
7 29 0 15748.1
7 29 15 16065.9
7 29 30 16046.9
7 29 45 15716.3
7 29 0 15209.3
7 29 15 15547.7
7 29 30 15240.1
7 29 45 15240.1
7 29 0 14847.2
7 29 15 15177.5
7 29 30 15159.5
7 29 45 14877.2
