7 1 0 12593.6
7 1 15 12608.5
7 1 30 12608.5
7 1 45 12359
7 1 0 11913.6
7 1 15 11937.7
7 1 30 12164.2
7 1 45 11913.6
7 1 0 11563.2
7 1 15 11586.6
7 1 30 11806.5
7 1 45 11820.5
7 1 0 11375.9
7 1 15 11591.8
7 1 30 11605.6
7 1 45 11375.9
7 1 0 11390.7
7 1 15 11142.7
7 1 30 11377.1
7 1 45 11165.3
7 1 0 11734.9
7 1 15 11493.1
7 1 30 11493.1
7 1 45 11493.1
7 1 0 12053.8
7 1 15 12307.3
7 1 30 12322
7 1 45 12078.2
7 1 0 13061.3
7 1 15 13324.9
7 1 30 13034.9
7 1 45 13309.1
7 1 0 14044.4
7 1 15 14016
7 1 30 14310.9
7 1 45 14327.9
7 1 0 15330.8
7 1 15 15312.6
7 1 30 15027.5
7 1 45 14997.1
7 1 0 15741.9
7 1 15 15417.6
7 1 30 15760.7
7 1 45 15448.8
7 1 0 15838.1
7 1 15 16171.3
7 1 30 16190.5
7 1 45 15870.1
7 1 0 15670.4
7 1 15 15378.6
7 1 30 15347.5
7 1 45 15689
7 1 0 15330.8
7 1 15 14997.1
7 1 30 15027.5
7 1 45 15312.6
7 1 0 16333.8
7 1 15 16010.6
7 1 30 15978.3
7 1 45 16333.8
7 1 0 16291.5
7 1 15 16600.6
7 1 30 16620.3
7 1 45 16600.6
7 1 0 16221.3
7 1 15 16529
7 1 30 16188.5
7 1 45 16548.7
7 1 0 16118.4
7 1 15 16457.5
7 1 30 16151
7 1 45 16477
7 1 0 15729.7
7 1 15 16028.2
7 1 30 15697.9
7 1 45 16047.2
7 1 0 15097.7
7 1 15 15402.5
7 1 30 15067.2
7 1 45 15384.2
7 1 0 15167.9
7 1 15 15455.7
7 1 30 15474.1
7 1 45 15137.3
7 1 0 15545.7
7 1 15 15207.4
7 1 30 15238.1
7 1 45 15527.3
7 1 0 15044.3
7 1 15 15026.4
7 1 30 14716.8
7 1 45 14746.6
7 1 0 14686.1
7 1 15 14366.4
7 1 30 14668.6
7 1 45 14395.5
