7 25 0 15899.4
7 25 15 15931.6
7 25 30 16253.1
7 25 45 15931.6
7 25 0 15680.4
7 25 15 15388.4
7 25 30 15680.4
7 25 45 15699.1
7 25 0 15219.2
7 25 15 15237.3
7 25 30 14935.8
7 25 45 14905.7
7 25 0 14942.5
7 25 15 14960.3
7 25 30 14664.3
7 25 45 14634.7
7 25 0 14665.8
7 25 15 14363.7
7 25 30 14683.2
7 25 45 14665.8
7 25 0 15145
7 25 15 15127
7 25 30 14845.3
7 25 45 15145
7 25 0 15569.5
7 25 15 15538.1
7 25 30 15883.8
7 25 45 15538.1
7 25 0 16836.8
7 25 15 17156.2
7 25 30 16802.8
7 25 45 17176.6
7 25 0 18067.5
7 25 15 18104
7 25 30 18447.6
7 25 45 18469.5
7 25 0 19332.2
7 25 15 19762.4
7 25 30 19371.3
7 25 45 19738.9
7 25 0 20292.3
7 25 15 20316.4
7 25 30 19874.3
7 25 45 19914.4
7 25 0 20845.7
7 25 15 20416.3
7 25 30 20416.3
7 25 45 20416.3
7 25 0 19783.9
7 25 15 20224.1
7 25 30 19823.9
7 25 45 20200.1
7 25 0 19738.9
7 25 15 19762.4
7 25 30 19371.3
7 25 45 19332.2
7 25 0 21055.2
7 25 15 20638.6
7 25 30 21030.2
7 25 45 21055.2
7 25 0 20958.3
7 25 15 21000.7
7 25 30 21399.2
7 25 45 21424.6
7 25 0 20868
7 25 15 20910.2
7 25 30 21332.3
7 25 45 20910.2
7 25 0 20777.6
7 25 15 21214.7
7 25 30 20819.7
7 25 45 21239.9
7 25 0 20685.8
7 25 15 20235.6
7 25 30 20276.5
7 25 45 20661.3
7 25 0 19831.1
7 25 15 19461.8
7 25 30 19422.6
7 25 45 19854.7
7 25 0 19923.4
7 25 15 19512.9
7 25 30 19947
7 25 45 19552.4
7 25 0 19603.2
7 25 15 20039.4
7 25 30 20015.6
7 25 45 19642.9
7 25 0 19393
7 25 15 19009.2
7 25 30 19369.9
7 25 45 18970.9
7 25 0 18556.6
7 25 15 18519.2
7 25 30 18931.2
7 25 45 18908.8
