8 3 0 14251.8
8 3 15 14251.8
8 3 30 13941.6
8 3 45 13969.8
8 3 0 13466.3
8 3 15 13749.6
8 3 30 13493.6
8 3 45 13766
8 3 0 13345.2
8 3 15 13070.3
8 3 30 13096.7
8 3 45 13345.2
8 3 0 13102.6
8 3 15 13118.1
8 3 30 12858.6
8 3 45 12832.6
8 3 0 12461.7
8 3 15 12698.2
8 3 30 12713.3
8 3 45 12713.3
8 3 0 13280.1
8 3 15 13264.3
8 3 30 12991.1
8 3 45 13264.3
8 3 0 13624.8
8 3 15 13652.3
8 3 30 13911.4
8 3 45 13927.9
8 3 0 14733.8
8 3 15 15061.6
8 3 30 15043.7
8 3 45 14763.6
8 3 0 15874.8
8 3 15 16176
8 3 30 16195.2
8 3 45 15842.7
8 3 0 16986
8 3 15 17308.3
8 3 30 17328.9
8 3 45 16951.7
8 3 0 17462.3
8 3 15 17793.6
8 3 30 17427
8 3 45 17427
8 3 0 18359.8
8 3 15 17981.5
8 3 30 18381.6
8 3 45 18017.9
8 3 0 17462.3
8 3 15 17793.6
8 3 30 17814.8
8 3 45 17427
8 3 0 17389.2
8 3 15 17065.4
8 3 30 17031
8 3 45 17409.9
8 3 0 18139.9
8 3 15 18176.6
8 3 30 18543.5
8 3 45 18521.5
8 3 0 18867.5
8 3 15 18845.1
8 3 30 18456.8
8 3 45 18494.1
8 3 0 18414.8
8 3 15 18786.5
8 3 30 18377.6
8 3 45 18764.2
8 3 0 18705.5
8 3 15 18683.3
8 3 30 18335.4
8 3 45 18298.4
8 3 0 17859.1
8 3 15 17823.1
8 3 30 18198
8 3 45 18219.6
8 3 0 17462.3
8 3 15 17793.6
8 3 30 17814.8
8 3 45 17427
8 3 0 17110.2
8 3 15 17490.9
8 3 30 17470.1
8 3 45 17144.8
8 3 0 17571.8
8 3 15 17189.4
8 3 30 17224.2
8 3 45 17551
8 3 0 16668.5
8 3 15 16634.9
8 3 30 16984.8
8 3 45 17005
8 3 0 16271.7
8 3 15 16600.1
8 3 30 16580.4
8 3 45 16238.8
