8 30 0 13116.4
8 30 15 13132
8 30 30 12872.2
8 30 45 12872.2
8 30 0 12669.3
8 30 15 12433.4
8 30 30 12408.3
8 30 45 12408.3
8 30 0 12043.3
8 30 15 12067.7
8 30 30 12311.3
8 30 45 12296.7
8 30 0 11824.3
8 30 15 12087.4
8 30 30 12073.1
8 30 45 11848.3
8 30 0 11714.4
8 30 15 11700.5
8 30 30 11482.6
8 30 45 11714.4
8 30 0 11970.3
8 30 15 12222.1
8 30 30 11994.5
8 30 45 12236.7
8 30 0 12554.2
8 30 15 12818.3
8 30 30 12579.6
8 30 45 12833.6
8 30 0 13603.6
8 30 15 13576.1
8 30 30 13861.7
8 30 45 13878.2
8 30 0 14922.7
8 30 15 14627.5
8 30 30 14598
8 30 45 14905
8 30 0 15948.4
8 30 15 15651.4
8 30 30 15619.8
8 30 45 15967.3
8 30 0 16415
8 30 15 16395.5
8 30 30 16090.2
8 30 45 16057.8
8 30 0 16937.3
8 30 15 16568.7
8 30 30 16602.2
8 30 45 16917.2
8 30 0 16415
8 30 15 16395.5
8 30 30 16057.8
8 30 45 16090.2
8 30 0 15724.5
8 30 15 16022.9
8 30 30 15692.8
8 30 45 15692.8
8 30 0 16714.7
8 30 15 16748.5
8 30 30 17086.5
8 30 45 17066.3
8 30 0 17385
8 30 15 17041
8 30 30 17364.4
8 30 45 17006.6
8 30 0 16967.9
8 30 15 17289.8
8 30 30 16933.6
8 30 45 17310.4
8 30 0 16894.7
8 30 15 17235.8
8 30 30 17215.3
8 30 45 16860.6
8 30 0 16422.7
8 30 15 16768.2
8 30 30 16788.1
8 30 45 16455.9
8 30 0 16057.8
8 30 15 16395.5
8 30 30 16415
8 30 45 16090.2
8 30 0 16097.4
8 30 15 15765.8
8 30 30 16116.6
8 30 45 15797.7
8 30 0 16191.2
8 30 15 15870.8
8 30 30 15838.8
8 30 45 16172
8 30 0 15650.3
8 30 15 15668.9
8 30 30 15358.9
8 30 45 15327.9
8 30 0 14962.9
8 30 15 15277.7
8 30 30 14993.2
8 30 45 15295.8
