8 29 0 13358.6
8 29 15 13358.6
8 29 30 13655.8
8 29 45 13639.6
8 29 0 12903.2
8 29 15 13190.3
8 29 30 12929.3
8 29 45 12929.3
8 29 0 12523.7
8 29 15 12787.1
8 29 30 12787.1
8 29 45 12802.3
8 29 0 12320.8
8 29 15 12569.5
8 29 30 12296
8 29 45 12320.8
8 29 0 12167.1
8 29 15 11916.5
8 29 30 11940.6
8 29 45 12167.1
8 29 0 12473
8 29 15 12447.8
8 29 30 12709.6
8 29 45 12724.7
8 29 0 13329.6
8 29 15 13345.4
8 29 30 13081.4
8 29 45 13055
8 29 0 14414.6
8 29 15 14146.2
8 29 30 14431.7
8 29 45 14117.6
8 29 0 15180.2
8 29 15 15499.5
8 29 30 15518
8 29 45 15210.9
8 29 0 16275.7
8 29 15 16604.2
8 29 30 16584.5
8 29 45 16242.8
8 29 0 16698.2
8 29 15 16732
8 29 30 17069.8
8 29 45 16732
8 29 0 17229.5
8 29 15 17264.4
8 29 30 17612.9
8 29 45 17592
8 29 0 16732
8 29 15 17049.5
8 29 30 16698.2
8 29 45 17069.8
8 29 0 16318.7
8 29 15 16662
8 29 30 16351.7
8 29 45 16681.8
8 29 0 17747
8 29 15 17381.3
8 29 30 17416.5
8 29 45 17768.1
8 29 0 17684.9
8 29 15 18078.4
8 29 30 18057
8 29 45 17720.7
8 29 0 17644.7
8 29 15 17979.5
8 29 30 17609
8 29 45 18000.8
8 29 0 17568.6
8 29 15 17923.2
8 29 30 17533.1
8 29 45 17902
8 29 0 17077.7
8 29 15 17457.7
8 29 30 17437
8 29 45 17112.3
8 29 0 17069.8
8 29 15 17049.5
8 29 30 16732
8 29 45 17069.8
8 29 0 16739.5
8 29 15 16427.8
8 29 30 16759.4
8 29 45 16394.6
8 29 0 16837
8 29 15 16503.8
8 29 30 16817
8 29 45 16470.5
8 29 0 16293.9
8 29 15 15971.5
8 29 30 16274.5
8 29 45 15939.2
8 29 0 15591.2
8 29 15 15559.7
8 29 30 15905.9
8 29 45 15887
