8 2 0 13709.1
8 2 15 13736.8
8 2 30 14014.1
8 2 45 13997.5
8 2 0 13241.7
8 2 15 13520.3
8 2 30 13268.5
8 2 45 13241.7
8 2 0 13138.2
8 2 15 12852.3
8 2 30 12878.3
8 2 45 13122.6
8 2 0 12884
8 2 15 12644.1
8 2 30 12899.3
8 2 45 12884
8 2 0 12229.1
8 2 15 12486.4
8 2 30 12501.2
8 2 45 12253.9
8 2 0 12800.2
8 2 15 13058.6
8 2 30 13058.6
8 2 45 12774.4
8 2 0 13424.6
8 2 15 13397.5
8 2 30 13679.3
8 2 45 13695.6
8 2 0 14810.4
8 2 15 14517.3
8 2 30 14792.8
8 2 45 14810.4
8 2 0 15578.5
8 2 15 15925.1
8 2 30 15906.2
8 2 45 15610
8 2 0 17019.6
8 2 15 16669
8 2 30 17039.9
8 2 45 16702.7
8 2 0 17136.4
8 2 15 17496.8
8 2 30 17517.6
8 2 45 17171
8 2 0 18053.5
8 2 15 18075
8 2 30 17717.4
8 2 45 17681.6
8 2 0 17496.8
8 2 15 17136.4
8 2 30 17517.6
8 2 45 17171
8 2 0 16746.9
8 2 15 17099.2
8 2 30 17119.5
8 2 45 16780.8
8 2 0 17837.4
8 2 15 18234.3
8 2 30 18212.6
8 2 45 17873.5
8 2 0 18185.7
8 2 15 18552.8
8 2 30 18530.7
8 2 45 18149
8 2 0 18473.1
8 2 15 18451.2
8 2 30 18107.6
8 2 45 18071.1
8 2 0 17993.2
8 2 15 18393.5
8 2 30 18371.7
8 2 45 18029.6
8 2 0 17894.5
8 2 15 17525.8
8 2 30 17561.3
8 2 45 17915.7
8 2 0 17517.6
8 2 15 17496.8
8 2 30 17171
8 2 45 17136.4
8 2 0 16824.8
8 2 15 17178.7
8 2 30 16858.8
8 2 45 17178.7
8 2 0 16936.9
8 2 15 17278.7
8 2 30 17258.2
8 2 45 17258.2
8 2 0 16721.4
8 2 15 16390.5
8 2 30 16357.4
8 2 45 16701.5
8 2 0 16000.3
8 2 15 16303.9
8 2 30 15968
8 2 45 16323.2
