8 9 0 15309.3
8 9 15 15309.3
8 9 30 15618.4
8 9 45 15599.8
8 9 0 14787.4
8 9 15 14757.6
8 9 30 15068
8 9 45 15085.9
8 9 0 14352.5
8 9 15 14624.8
8 9 30 14642.2
8 9 45 14323.5
8 9 0 14063.1
8 9 15 14376
8 9 30 14063.1
8 9 45 14376
8 9 0 13932.3
8 9 15 13656.6
8 9 30 13656.6
8 9 45 13915.8
8 9 0 14536.2
8 9 15 14265.5
8 9 30 14553.5
8 9 45 14236.7
8 9 0 14931.2
8 9 15 15263.4
8 9 30 14961.4
8 9 45 15245.3
8 9 0 16146.5
8 9 15 16179.2
8 9 30 16486.2
8 9 45 16505.8
8 9 0 17748.1
8 9 15 17397
8 9 30 17361.9
8 9 45 17361.9
8 9 0 18614.8
8 9 15 18990.5
8 9 30 18968
8 9 45 18577.2
8 9 0 19499.8
8 9 15 19098
8 9 30 19136.7
8 9 45 19523
8 9 0 20120.2
8 9 15 19705.7
8 9 30 19745.6
8 9 45 20144.1
8 9 0 19499.8
8 9 15 19136.7
8 9 30 19523
8 9 45 19499.8
8 9 0 19079.3
8 9 15 18664
8 9 30 18701.8
8 9 45 19056.6
8 9 0 20297.5
8 9 15 20321.6
8 9 30 19919.5
8 9 45 19879.3
8 9 0 20652
8 9 15 20226.6
8 9 30 20267.5
8 9 45 20652
8 9 0 20587.9
8 9 15 20139.8
8 9 30 20563.4
8 9 45 20180.5
8 9 0 20499.1
8 9 15 20052.9
8 9 30 20474.8
8 9 45 20093.5
8 9 0 19966.7
8 9 15 19571.6
8 9 30 19943
8 9 45 19532.1
8 9 0 19136.7
8 9 15 19098
8 9 30 19499.8
8 9 45 19523
8 9 0 18788.7
8 9 15 19145.2
8 9 30 18750.8
8 9 45 19168
8 9 0 19256.7
8 9 15 18875.7
8 9 30 19233.9
8 9 45 18837.6
8 9 0 18230
8 9 15 18266.8
8 9 30 18613.4
8 9 45 18635.6
8 9 0 17795.9
8 9 15 17831.9
8 9 30 18191.9
8 9 45 18170.3
