8 31 0 13463.1
8 31 15 13196.8
8 31 30 13170.1
8 31 45 13447.2
8 31 0 12746.9
8 31 15 12988.7
8 31 30 12988.7
8 31 45 12746.9
8 31 0 12372
8 31 15 12621.7
8 31 30 12606.7
8 31 45 12347
8 31 0 12147
8 31 15 12377.5
8 31 30 12392.2
8 31 45 12122.5
8 31 0 11748.3
8 31 15 11995.5
8 31 30 12009.7
8 31 45 11772.1
8 31 0 12530.3
8 31 15 12272.2
8 31 30 12297
8 31 45 12545.2
8 31 0 12896.8
8 31 15 13157.2
8 31 30 13141.5
8 31 45 12870.8
8 31 0 14228.1
8 31 15 13918.4
8 31 30 13946.6
8 31 45 14211.2
8 31 0 15280.9
8 31 15 15299
8 31 30 14996.3
8 31 45 14966
8 31 0 16350.5
8 31 15 16013.7
8 31 30 16370
8 31 45 16370
8 31 0 16828.9
8 31 15 16808.9
8 31 30 16462.6
8 31 45 16495.9
8 31 0 17020.8
8 31 15 17364.4
8 31 30 17343.8
8 31 45 16986.5
8 31 0 16808.9
8 31 15 16495.9
8 31 30 16828.9
8 31 45 16462.6
8 31 0 16121
8 31 15 16426.9
8 31 30 16088.5
8 31 45 16446.5
8 31 0 17136.1
8 31 15 17496.6
8 31 30 17517.4
8 31 45 17517.4
8 31 0 17802.2
8 31 15 17435.4
8 31 30 17435.4
8 31 45 17470.7
8 31 0 17395.7
8 31 15 17725.8
8 31 30 17360.6
8 31 45 17746.9
8 31 0 17649.4
8 31 15 17320.7
8 31 30 17670.4
8 31 45 17285.8
8 31 0 17211.4
8 31 15 16836.8
8 31 30 16870.9
8 31 45 17191
8 31 0 16462.6
8 31 15 16828.9
8 31 30 16495.9
8 31 45 16808.9
8 31 0 16522.9
8 31 15 16196
8 31 30 16503.3
8 31 45 16163.3
8 31 0 16579.7
8 31 15 16238.2
8 31 30 16271
8 31 45 16599.4
8 31 0 16044.9
8 31 15 15714.3
8 31 30 15746.1
8 31 45 16064
8 31 0 15662.9
8 31 15 15371.2
8 31 30 15681.5
8 31 45 15662.9
