8 4 0 14467.2
8 4 15 14438
8 4 30 14467.2
8 4 45 14759.2
8 4 0 14256.1
8 4 15 14239.2
8 4 30 13945.8
8 4 45 14256.1
8 4 0 13820.4
8 4 15 13563
8 4 30 13820.4
8 4 45 13535.6
8 4 0 13585.2
8 4 15 13289.5
8 4 30 13569.1
8 4 45 13316.4
8 4 0 13150.3
8 4 15 12879.4
8 4 30 13165.9
8 4 45 12905.4
8 4 0 13752.9
8 4 15 13453.6
8 4 30 13480.8
8 4 45 13453.6
8 4 0 14423.8
8 4 15 14406.7
8 4 30 14138.4
8 4 45 14406.7
8 4 0 15258.4
8 4 15 15579.3
8 4 30 15597.8
8 4 45 15289.2
8 4 0 16440
8 4 15 16771.9
8 4 30 16406.8
8 4 45 16752
8 4 0 17555.3
8 4 15 17924.6
8 4 30 17590.8
8 4 45 17945.9
8 4 0 18084
8 4 15 18427.2
8 4 30 18449.1
8 4 45 18047.5
8 4 0 19013.5
8 4 15 18659.4
8 4 30 18621.8
8 4 45 19036.1
8 4 0 18047.5
8 4 15 18427.2
8 4 30 18084
8 4 45 18449.1
8 4 0 17637.3
8 4 15 18008.4
8 4 30 18029.8
8 4 45 18029.8
8 4 0 18823.8
8 4 15 19203.8
8 4 30 19181
8 4 45 18785.8
8 4 0 19539.2
8 4 15 19152.6
8 4 30 19516
8 4 45 19114
8 4 0 19070.4
8 4 15 19031.9
8 4 30 19455.4
8 4 45 19432.3
8 4 0 19348.5
8 4 15 19371.5
8 4 30 18988.2
8 4 45 18949.9
8 4 0 18457.7
8 4 15 18868.4
8 4 30 18846
8 4 45 18457.7
8 4 0 18449.1
8 4 15 18047.5
8 4 30 18084
8 4 45 18427.2
8 4 0 17719.4
8 4 15 17755.2
8 4 30 18113.6
8 4 45 18092.1
8 4 0 18197.5
8 4 15 17837.4
8 4 30 17801.4
8 4 45 18175.9
8 4 0 17227.2
8 4 15 17589.6
8 4 30 17610.5
8 4 45 17262
8 4 0 17191.2
8 4 15 17170.8
8 4 30 16817
8 4 45 16851
