8 18 0 14561.4
8 18 15 14590.9
8 18 30 14590.9
8 18 45 14561.4
8 18 0 14065
8 18 15 14360.9
8 18 30 14377.9
8 18 45 14360.9
8 18 0 13678.9
8 18 15 13938.5
8 18 30 13955.1
8 18 45 13651.3
8 18 0 13430.2
8 18 15 13701.3
8 18 30 13685.1
8 18 45 13403.1
8 18 0 13262.7
8 18 15 13015.7
8 18 30 12989.4
8 18 45 13262.7
8 18 0 13568.6
8 18 15 13596
8 18 30 13870.5
8 18 45 13854
8 18 0 14259.3
8 18 15 14230.5
8 18 30 14547.1
8 18 45 14529.8
8 18 0 15388.8
8 18 15 15419.9
8 18 30 15731.2
8 18 45 15712.5
8 18 0 16547.1
8 18 15 16580.5
8 18 30 16895.1
8 18 45 16915.2
8 18 0 17705.4
8 18 15 18099.3
8 18 30 17741.2
8 18 45 17741.2
8 18 0 18584.6
8 18 15 18238.6
8 18 30 18201.8
8 18 45 18606.7
8 18 0 18780.9
8 18 15 19176
8 18 30 18818.9
8 18 45 19198.8
8 18 0 18201.8
8 18 15 18584.6
8 18 30 18238.6
8 18 45 18606.7
8 18 0 17824.1
8 18 15 17788.1
8 18 30 18183.9
8 18 45 18183.9
8 18 0 18984.7
8 18 15 18946.4
8 18 30 19344.9
8 18 45 19367.9
8 18 0 19706.2
8 18 15 19682.8
8 18 30 19277.3
8 18 45 19316.3
8 18 0 19194.6
8 18 15 19233.4
8 18 30 19621.6
8 18 45 19598.4
8 18 0 19150.5
8 18 15 19513.9
8 18 30 19537.1
8 18 45 19111.9
8 18 0 19007
8 18 15 18615.4
8 18 30 18653.1
8 18 45 19029.6
8 18 0 18584.6
8 18 15 18606.7
8 18 30 18238.6
8 18 45 18584.6
8 18 0 18268.4
8 18 15 17907
8 18 30 17870.8
8 18 45 18246.7
8 18 0 17989.9
8 18 15 18353
8 18 30 17953.6
8 18 45 18331.2
8 18 0 17409.6
8 18 15 17374.4
8 18 30 17761
8 18 45 17739.9
8 18 0 17338.1
8 18 15 16995
8 18 30 16960.7
8 18 45 17317.5
