8 22 0 15167.3
8 22 15 15486.4
8 22 30 15504.8
8 22 45 15167.3
8 22 0 14679.9
8 22 15 14958.4
8 22 30 14976.2
8 22 45 14958.4
8 22 0 14518.5
8 22 15 14219.4
8 22 30 14219.4
8 22 45 14248.1
8 22 0 14271.4
8 22 15 14254.5
8 22 30 13989.1
8 22 45 13989.1
8 22 0 13529.9
8 22 15 13557.3
8 22 30 13831
8 22 45 13529.9
8 22 0 14447.6
8 22 15 14430.5
8 22 30 14133.2
8 22 45 14161.8
8 22 0 14852.6
8 22 15 15152.4
8 22 30 15134.4
8 22 45 14822.6
8 22 0 16061.5
8 22 15 16385.7
8 22 30 16366.3
8 22 45 16029.1
8 22 0 17235.6
8 22 15 17270.5
8 22 30 17598.2
8 22 45 17619.1
8 22 0 18442.1
8 22 15 18479.4
8 22 30 18852.4
8 22 45 18830
8 22 0 18959.2
8 22 15 18997.5
8 22 30 19358
8 22 45 19381
8 22 0 19997.6
8 22 15 19973.9
8 22 30 19562.4
8 22 45 19602
8 22 0 19381
8 22 15 19358
8 22 30 18959.2
8 22 45 18997.5
8 22 0 18940.5
8 22 15 18918
8 22 30 18528.3
8 22 45 18565.7
8 22 0 20173.8
8 22 15 19734.8
8 22 30 20149.9
8 22 45 19774.7
8 22 0 20120.1
8 22 15 20526.2
8 22 30 20501.9
8 22 45 20079.5
8 22 0 19993.3
8 22 15 20438.1
8 22 30 20033.7
8 22 45 20033.7
8 22 0 20350
8 22 15 19947.4
8 22 30 20325.9
8 22 45 19907.1
8 22 0 19821.5
8 22 15 19429.3
8 22 30 19797.9
8 22 45 19390
8 22 0 19358
8 22 15 18959.2
8 22 30 18997.5
8 22 45 19381
8 22 0 18652.1
8 22 15 19006
8 22 30 19028.6
8 22 45 18614.4
8 22 0 18738.4
8 22 15 19116.7
8 22 30 18700.6
8 22 45 19094
8 22 0 18500
8 22 15 18478.1
8 22 30 18097.4
8 22 45 18097.4
8 22 0 18059.5
8 22 15 17666.5
8 22 30 17702.2
8 22 45 18038.1
