8 25 0 15052.9
8 25 15 15052.9
8 25 30 15338.5
8 25 45 15356.8
8 25 0 14833.2
8 25 15 14539.7
8 25 30 14510.4
8 25 45 14815.6
8 25 0 14379.9
8 25 15 14397
8 25 30 14112.1
8 25 45 14397
8 25 0 13827.5
8 25 15 14135.2
8 25 30 14118.4
8 25 45 13827.5
8 25 0 13698.9
8 25 15 13682.7
8 25 30 13427.9
8 25 45 13400.8
8 25 0 13998.3
8 25 15 14292.7
8 25 30 13998.3
8 25 45 14292.7
8 25 0 14681.1
8 25 15 14710.8
8 25 30 15007.7
8 25 45 14681.1
8 25 0 15876.1
8 25 15 15908.2
8 25 30 16229.3
8 25 45 16210
8 25 0 17071
8 25 15 17105.6
8 25 30 17450.9
8 25 45 17105.6
8 25 0 18650.3
8 25 15 18672.4
8 25 30 18266
8 25 45 18303
8 25 0 18778.2
8 25 15 19196
8 25 30 19196
8 25 45 19173.2
8 25 0 19806.7
8 25 15 19414.8
8 25 30 19375.6
8 25 45 19783.2
8 25 0 18816.1
8 25 15 19196
8 25 30 19173.2
8 25 45 18778.2
8 25 0 18388.5
8 25 15 18759.7
8 25 30 18737.4
8 25 45 18351.4
8 25 0 19546.4
8 25 15 19957.5
8 25 30 19981.2
8 25 45 19585.9
8 25 0 19887.8
8 25 15 20330.3
8 25 30 20306.1
8 25 45 19928
8 25 0 19802.4
8 25 15 20219
8 25 30 20243
8 25 45 19842.5
8 25 0 19756.9
8 25 15 20131.8
8 25 30 20155.8
8 25 45 20131.8
8 25 0 19608.9
8 25 15 19243.8
8 25 30 19632.2
8 25 45 19204.9
8 25 0 18778.2
8 25 15 18816.1
8 25 30 19173.2
8 25 45 19196
8 25 0 18824.6
8 25 15 18846.9
8 25 30 18474
8 25 45 18436.7
8 25 0 18522.1
8 25 15 18911.7
8 25 30 18934.2
8 25 45 18911.7
8 25 0 18301.7
8 25 15 17960.9
8 25 30 18323.4
8 25 45 17924.6
8 25 0 17497.8
8 25 15 17887.1
8 25 30 17865.9
8 25 45 17533.2
