8 8 0 16270.3
8 8 15 15948.4
8 8 30 16251
8 8 45 15916.2
8 8 0 15373.6
8 8 15 15404.7
8 8 30 15697
8 8 45 15404.7
8 8 0 15235.3
8 8 15 15253.5
8 8 30 14921.5
8 8 45 15235.3
8 8 0 14679.8
8 8 15 14650.2
8 8 30 14958.3
8 8 45 14976.1
8 8 0 14198
8 8 15 14513.9
8 8 30 14496.7
8 8 45 14226.7
8 8 0 15143
8 8 15 14831
8 8 30 14861
8 8 45 14861
8 8 0 15554.5
8 8 15 15900.6
8 8 30 15586
8 8 45 15900.6
8 8 0 17194.8
8 8 15 16820.6
8 8 30 16854.6
8 8 45 17174.4
8 8 0 18467.1
8 8 15 18489
8 8 30 18467.1
8 8 45 18123.2
8 8 0 19352.7
8 8 15 19759.8
8 8 30 19391.8
8 8 45 19783.3
8 8 0 20313.8
8 8 15 20337.9
8 8 30 19895.3
8 8 45 19935.5
8 8 0 20960.1
8 8 15 20569.8
8 8 30 20528.3
8 8 45 20985.1
8 8 0 19935.5
8 8 15 20313.8
8 8 30 19895.3
8 8 45 20337.9
8 8 0 19852.1
8 8 15 19443.1
8 8 30 19482.4
8 8 45 19875.7
8 8 0 20751.1
8 8 15 20709.2
8 8 30 21144.8
8 8 45 21169.9
8 8 0 21539.7
8 8 15 21514.2
8 8 30 21070.9
8 8 45 21514.2
8 8 0 21421.8
8 8 15 21022.9
8 8 30 20980.5
8 8 45 21447.3
8 8 0 21329.5
8 8 15 20890
8 8 30 20932.3
8 8 45 21354.8
8 8 0 20775.5
8 8 15 20800.2
8 8 30 20347.4
8 8 45 20388.6
8 8 0 20337.9
8 8 15 20313.8
8 8 30 19935.5
8 8 45 19895.3
8 8 0 19573.1
8 8 15 19968.2
8 8 30 19533.5
8 8 45 19944.4
8 8 0 20060.6
8 8 15 19624
8 8 30 20036.8
8 8 45 19663.7
8 8 0 19390.4
8 8 15 19413.5
8 8 30 19029.4
8 8 45 18991
8 8 0 18951.3
8 8 15 18538.8
8 8 30 18928.8
8 8 45 18576.3
