8 21 0 15344.9
8 21 15 15363.2
8 21 30 15344.9
8 21 45 15363.2
8 21 0 14545.8
8 21 15 14839.4
8 21 30 14516.4
8 21 45 14821.8
8 21 0 14385.9
8 21 15 14089.5
8 21 30 14118
8 21 45 14403
8 21 0 14124.3
8 21 15 14141.1
8 21 30 13833.3
8 21 45 13861.3
8 21 0 13688.4
8 21 15 13406.4
8 21 30 13433.5
8 21 45 13704.6
8 21 0 14315.7
8 21 15 14298.7
8 21 30 14032.4
8 21 45 14004.1
8 21 0 15014
8 21 15 14716.9
8 21 30 14996.2
8 21 45 14687.2
8 21 0 15882.7
8 21 15 16216.8
8 21 30 15914.8
8 21 45 15914.8
8 21 0 17458.1
8 21 15 17078.2
8 21 30 17437.4
8 21 45 17112.7
8 21 0 18310.6
8 21 15 18680.2
8 21 30 18310.6
8 21 45 18658
8 21 0 19204
8 21 15 18824
8 21 30 19181.2
8 21 45 18786
8 21 0 19422.9
8 21 15 19815
8 21 30 19791.5
8 21 45 19383.7
8 21 0 18786
8 21 15 18824
8 21 30 19181.2
8 21 45 19204
8 21 0 18745.2
8 21 15 18767.5
8 21 30 18396.2
8 21 45 18359
8 21 0 19554.5
8 21 15 19965.8
8 21 30 19989.6
8 21 45 19594.1
8 21 0 20314.6
8 21 15 19896.1
8 21 30 20338.7
8 21 45 19936.3
8 21 0 20227.4
8 21 15 19850.8
8 21 30 20251.5
8 21 45 19810.7
8 21 0 20164.2
8 21 15 19725.3
8 21 30 19765.2
8 21 45 20140.2
8 21 0 19212.9
8 21 15 19251.8
8 21 30 19640.4
8 21 45 19617.1
8 21 0 19204
8 21 15 18786
8 21 30 18824
8 21 45 19181.2
8 21 0 18854.8
8 21 15 18481.7
8 21 30 18444.4
8 21 45 18832.4
8 21 0 18919.6
8 21 15 18529.8
8 21 30 18942.1
8 21 45 18567.3
8 21 0 17968.4
8 21 15 18331.1
8 21 30 17932.1
8 21 45 18309.3
8 21 0 17873.4
8 21 15 17540.5
8 21 30 17894.6
8 21 45 17873.4
