8 15 0 12742.9
8 15 15 13026.4
8 15 30 12768.6
8 15 45 12742.9
8 15 0 12333.3
8 15 15 12308.4
8 15 30 12582.3
8 15 45 12567.4
8 15 0 12212.2
8 15 15 11946.4
8 15 30 11970.6
8 15 45 12197.7
8 15 0 11990.2
8 15 15 11752.9
8 15 30 11752.9
8 15 45 11976
8 15 0 11620.1
8 15 15 11390.2
8 15 30 11367.2
8 15 45 11367.2
8 15 0 12123.8
8 15 15 11898
8 15 30 12138.2
8 15 45 11874
8 15 0 12478.4
8 15 15 12453.2
8 15 30 12715.2
8 15 45 12730.3
8 15 0 13466.9
8 15 15 13494.1
8 15 30 13766.5
8 15 45 13750.2
8 15 0 14802.7
8 15 15 14509.8
8 15 30 14785.1
8 15 45 14785.1
8 15 0 15525.5
8 15 15 15838.9
8 15 30 15494.2
8 15 45 15494.2
8 15 0 16263.6
8 15 15 16283
8 15 30 15960.8
8 15 45 15928.6
8 15 0 16468.6
8 15 15 16781.1
8 15 30 16435.4
8 15 45 16801.1
8 15 0 15960.8
8 15 15 16263.6
8 15 30 15928.6
8 15 45 16283
8 15 0 15598
8 15 15 15912.9
8 15 30 15894
8 15 45 15894
8 15 0 16949.1
8 15 15 16580.2
8 15 30 16929
8 15 45 16613.7
8 15 0 16903.9
8 15 15 17224.7
8 15 30 16869.8
8 15 45 17224.7
8 15 0 16831.4
8 15 15 16797.4
8 15 30 17150.7
8 15 45 17171.1
8 15 0 16725
8 15 15 17076.8
8 15 30 16758.8
8 15 45 17097.1
8 15 0 16323.5
8 15 15 16290.6
8 15 30 16653
8 15 45 16633.3
8 15 0 15928.6
8 15 15 16283
8 15 30 15960.8
8 15 45 16263.6
8 15 0 15967.9
8 15 15 15670.6
8 15 30 15986.9
8 15 45 15639
8 15 0 16041.9
8 15 15 15711.4
8 15 30 15743.1
8 15 45 16060.9
8 15 0 15235.3
8 15 15 15542.8
8 15 30 15524.4
8 15 45 15204.5
8 15 0 14872.6
8 15 15 15172.8
8 15 30 15154.8
8 15 45 15154.8
