8 11 0 15659.3
8 11 15 15640.8
8 11 30 15659.3
8 11 45 15318.5
8 11 0 14826.2
8 11 15 14796.3
8 11 30 14826.2
8 11 45 15107.6
8 11 0 14680.6
8 11 15 14680.6
8 11 30 14361.1
8 11 45 14361.1
8 11 0 14100
8 11 15 14396.6
8 11 30 14413.7
8 11 45 14128.5
8 11 0 13664.8
8 11 15 13968.9
8 11 30 13692.5
8 11 45 13952.3
8 11 0 14303
8 11 15 14591.7
8 11 30 14274.1
8 11 45 14303
8 11 0 15285.3
8 11 15 15000.7
8 11 30 14970.4
8 11 45 15285.3
8 11 0 16188.9
8 11 15 16549.1
8 11 30 16221.6
8 11 45 16529.4
8 11 0 17794.7
8 11 15 17407.4
8 11 30 17442.6
8 11 45 17794.7
8 11 0 18625.9
8 11 15 18663.6
8 11 30 19017.7
8 11 45 19017.7
8 11 0 19550.9
8 11 15 19148.2
8 11 30 19574.2
8 11 45 19186.9
8 11 0 19757.4
8 11 15 20173
8 11 30 20197
8 11 45 19797.4
8 11 0 19550.9
8 11 15 19148.2
8 11 30 19186.9
8 11 45 19574.2
8 11 0 19129.3
8 11 15 18713
8 11 30 19106.6
8 11 45 18750.8
8 11 0 19931.5
8 11 15 20374.9
8 11 30 19971.8
8 11 45 20350.8
8 11 0 20320.7
8 11 15 20706.2
8 11 30 20279.6
8 11 45 20730.8
8 11 0 20192.6
8 11 15 20233.4
8 11 30 20617.4
8 11 45 20641.9
8 11 0 20105.6
8 11 15 20528.5
8 11 30 20146.2
8 11 45 20528.5
8 11 0 19995.3
8 11 15 19583.3
8 11 30 19623
8 11 45 20019.1
8 11 0 19574.2
8 11 15 19148.2
8 11 30 19550.9
8 11 45 19186.9
8 11 0 19218.3
8 11 15 18838
8 11 30 19195.5
8 11 45 18800
8 11 0 18925.2
8 11 15 18887
8 11 30 19284.3
8 11 45 19307.3
8 11 0 18277.8
8 11 15 18684.5
8 11 30 18314.8
8 11 45 18662.3
8 11 0 18217.9
8 11 15 18239.6
8 11 30 17842.6
8 11 45 18217.9
