8 5 0 13763.9
8 5 15 13736.1
8 5 30 14041.7
8 5 45 13736.1
8 5 0 13267.8
8 5 15 13294.7
8 5 30 13546.9
8 5 45 13546.9
8 5 0 13164.1
8 5 15 13148.5
8 5 30 12903.7
8 5 45 13164.1
8 5 0 12924.8
8 5 15 12669
8 5 30 12909.4
8 5 45 12669
8 5 0 12253.2
8 5 15 12278
8 5 30 12525.9
8 5 45 12511
8 5 0 13084.3
8 5 15 13068.8
8 5 30 12825.5
8 5 45 12799.6
8 5 0 13722.6
8 5 15 13706.3
8 5 30 13451.1
8 5 45 13722.6
8 5 0 14545.9
8 5 15 14516.6
8 5 30 14839.6
8 5 45 14516.6
8 5 0 15609.2
8 5 15 15956.5
8 5 30 15937.6
8 5 45 15640.8
8 5 0 17073.5
8 5 15 17053.2
8 5 30 16735.7
8 5 45 16701.9
8 5 0 17552.2
8 5 15 17531.3
8 5 30 17204.9
8 5 45 17170.1
8 5 0 17716.5
8 5 15 18110.6
8 5 30 18089.1
8 5 45 17752.3
8 5 0 17552.2
8 5 15 17531.3
8 5 30 17170.1
8 5 45 17170.1
8 5 0 17132.9
8 5 15 17153.3
8 5 30 16813.9
8 5 45 16779.9
8 5 0 18270.2
8 5 15 17908.7
8 5 30 17872.6
8 5 45 18248.5
8 5 0 18589.3
8 5 15 18184.7
8 5 30 18221.5
8 5 45 18567.3
8 5 0 18143.3
8 5 15 18509.6
8 5 30 18487.6
8 5 45 18106.7
8 5 0 18429.8
8 5 15 18407.9
8 5 30 18065.1
8 5 45 18028.7
8 5 0 17951.1
8 5 15 17560.4
8 5 30 17595.9
8 5 45 17929.8
8 5 0 17552.2
8 5 15 17170.1
8 5 30 17204.9
8 5 45 17531.3
8 5 0 17212.6
8 5 15 17233
8 5 30 16892.1
8 5 45 16858
8 5 0 16936
8 5 15 16970.3
8 5 30 17312.8
8 5 45 17292.3
8 5 0 16734.5
8 5 15 16389.7
8 5 30 16422.8
8 5 45 16754.3
8 5 0 16355.4
8 5 15 16031.8
8 5 30 15999.5
8 5 45 16336
