8 20 0 12384.4
8 20 15 12634.4
8 20 30 12619.4
8 20 45 12634.4
8 20 0 12203.7
8 20 15 11938.1
8 20 30 11962.2
8 20 45 11938.1
8 20 0 11586.9
8 20 15 11844.7
8 20 30 11830.7
8 20 45 11830.7
8 20 0 11376.3
8 20 15 11629.4
8 20 30 11399.3
8 20 45 11376.3
8 20 0 11025.2
8 20 15 11047.5
8 20 30 11270.5
8 20 45 11047.5
8 20 0 11759
8 20 15 11540
8 20 30 11773
8 20 45 11516.7
8 20 0 12347.2
8 20 15 12102.9
8 20 30 12332.6
8 20 45 12078.5
8 20 0 13336.4
8 20 15 13061.6
8 20 30 13088.1
8 20 45 13352.3
8 20 0 14357.3
8 20 15 14044.8
8 20 30 14073.2
8 20 45 14340.2
8 20 0 15362.3
8 20 15 15027.9
8 20 30 15344
8 20 45 15058.3
8 20 0 15793
8 20 15 15480.5
8 20 30 15449.3
8 20 45 15774.2
8 20 0 15973.1
8 20 15 15940.8
8 20 30 16276.2
8 20 45 16276.2
8 20 0 15480.5
8 20 15 15774.2
8 20 30 15793
8 20 45 15480.5
8 20 0 15415.7
8 20 15 15434.1
8 20 30 15098.1
8 20 45 15098.1
8 20 0 16113.8
8 20 15 16439.1
8 20 30 16081.3
8 20 45 16419.6
8 20 0 16726.2
8 20 15 16395.3
8 20 30 16362.2
8 20 45 16706.4
8 20 0 16291.9
8 20 15 16634.7
8 20 30 16324.9
8 20 45 16654.4
8 20 0 16582.6
8 20 15 16221.7
8 20 30 16563
8 20 45 16254.5
8 20 0 16132.7
8 20 15 16151.9
8 20 30 15832.3
8 20 45 15800.4
8 20 0 15793
8 20 15 15480.5
8 20 30 15774.2
8 20 45 15449.3
8 20 0 15199
8 20 15 15505.8
8 20 30 15487.4
8 20 45 15168.4
8 20 0 15577.6
8 20 15 15559.1
8 20 30 15238.6
8 20 45 15269.4
8 20 0 14747
8 20 15 15057.2
8 20 30 14776.8
8 20 45 15075.1
8 20 0 14425
8 20 15 14698.7
8 20 30 14395.9
8 20 45 14698.7
