8 12 0 13217.4
8 12 15 13244.2
8 12 30 13511.5
8 12 45 13495.5
8 12 0 13050.9
8 12 15 12766.9
8 12 30 12792.7
8 12 45 12792.7
8 12 0 12416.4
8 12 15 12652
8 12 30 12667.1
8 12 45 12391.4
8 12 0 12436.7
8 12 15 12422
8 12 30 12422
8 12 45 12190.7
8 12 0 12052.9
8 12 15 11814.4
8 12 30 11790.6
8 12 45 12038.6
8 12 0 12341.2
8 12 15 12316.3
8 12 30 12590.3
8 12 45 12575.3
8 12 0 13188.8
8 12 15 12917.1
8 12 30 12943.2
8 12 45 13188.8
8 12 0 13968.4
8 12 15 14279.2
8 12 30 13996.7
8 12 45 13996.7
8 12 0 15354
8 12 15 15050.2
8 12 30 15019.8
8 12 45 15335.8
8 12 0 16103.7
8 12 15 16409.3
8 12 30 16428.8
8 12 45 16071.2
8 12 0 16869.4
8 12 15 16555.2
8 12 30 16521.8
8 12 45 16889.4
8 12 0 17047.5
8 12 15 17406.1
8 12 30 17426.8
8 12 45 17047.5
8 12 0 16555.2
8 12 15 16521.8
8 12 30 16869.4
8 12 45 16889.4
8 12 0 16505.6
8 12 15 16146.3
8 12 30 16179
8 12 45 16486
8 12 0 17580.3
8 12 15 17197.7
8 12 30 17232.5
8 12 45 17559.5
8 12 0 17887.4
8 12 15 17866.2
8 12 30 17498.1
8 12 45 17866.2
8 12 0 17789.5
8 12 15 17423
8 12 30 17810.6
8 12 45 17458.2
8 12 0 17712.8
8 12 15 17347.9
8 12 30 17383
8 12 45 17733.9
8 12 0 17252.8
8 12 15 17273.3
8 12 30 16897.3
8 12 45 16931.5
8 12 0 16521.8
8 12 15 16555.2
8 12 30 16889.4
8 12 45 16869.4
8 12 0 16254.2
8 12 15 16221.4
8 12 30 16562.6
8 12 45 16582.3
8 12 0 16296.5
8 12 15 16329.5
8 12 30 16639.3
8 12 45 16659.1
8 12 0 15802.7
8 12 15 15770.8
8 12 30 16102.6
8 12 45 16121.7
8 12 0 15719.2
8 12 15 15395.3
8 12 30 15426.5
8 12 45 15737.9
