8 7 0 16051.9
8 7 15 16051.9
8 7 30 16409
8 7 45 16409
8 7 0 15830.8
8 7 15 15504.7
8 7 30 15830.8
8 7 45 15849.6
8 7 0 15365.2
8 7 15 15079.1
8 7 30 15048.6
8 7 45 15079.1
8 7 0 15085.8
8 7 15 14775
8 7 30 15103.8
8 7 45 14804.9
8 7 0 14319
8 7 15 14620.2
8 7 30 14637.6
8 7 45 14348
8 7 0 15272.1
8 7 15 15290.2
8 7 30 14987.7
8 7 45 14957.4
8 7 0 16017
8 7 15 15718.8
8 7 30 15687.1
8 7 45 16036.1
8 7 0 17320.8
8 7 15 16998.2
8 7 30 17341.3
8 7 45 16963.9
8 7 0 18624.5
8 7 15 18240.8
8 7 30 18277.7
8 7 45 18646.6
8 7 0 19517.6
8 7 15 19951.9
8 7 30 19557.1
8 7 45 19557.1
8 7 0 20105.4
8 7 15 20064.8
8 7 30 20486.9
8 7 45 20105.4
8 7 0 21163.9
8 7 15 21138.8
8 7 30 20745.1
8 7 45 20703.3
8 7 0 20105.4
8 7 15 20511.3
8 7 30 20064.8
8 7 45 20486.9
8 7 0 20021.3
8 7 15 19648.5
8 7 30 20045.1
8 7 45 19608.8
8 7 0 20927.9
8 7 15 21350.4
8 7 30 21325
8 7 45 21325
8 7 0 21697.5
8 7 15 21250.5
8 7 30 21723.3
8 7 45 21697.5
8 7 0 21202.1
8 7 15 21159.3
8 7 30 21202.1
8 7 45 21159.3
8 7 0 21068.1
8 7 15 21511.3
8 7 30 21536.8
8 7 45 21110.7
8 7 0 20562.4
8 7 15 20520.9
8 7 30 20977.4
8 7 45 20952.5
8 7 0 20511.3
8 7 15 20105.4
8 7 30 20064.8
8 7 45 20486.9
8 7 0 20114.4
8 7 15 20138.3
8 7 30 19700
8 7 45 19739.9
8 7 0 20207.6
8 7 15 19791.2
8 7 30 19831.3
8 7 45 20231.6
8 7 0 19578.9
8 7 15 19555.7
8 7 30 19152.8
8 7 45 19191.5
8 7 0 19112.8
8 7 15 18734.6
8 7 30 18696.8
8 7 45 19090.1
