8 16 0 14449.6
8 16 15 14420.5
8 16 30 14449.6
8 16 45 14741.3
8 16 0 14221.8
8 16 15 13957
8 16 30 14238.8
8 16 45 14221.8
8 16 0 13820
8 16 15 13803.6
8 16 30 13546.5
8 16 45 13820
8 16 0 13552.6
8 16 15 13568.7
8 16 30 13273.4
8 16 45 13300.2
8 16 0 12863.7
8 16 15 12889.7
8 16 30 13149.9
8 16 45 13134.3
8 16 0 13736.2
8 16 15 13437.2
8 16 30 13464.4
8 16 45 13437.2
8 16 0 14389.2
8 16 15 14406.3
8 16 30 14121.2
8 16 45 14092.7
8 16 0 15270.6
8 16 15 15239.8
8 16 30 15560.4
8 16 45 15578.9
8 16 0 16386.9
8 16 15 16731.6
8 16 30 16751.5
8 16 45 16731.6
8 16 0 17924.1
8 16 15 17902.8
8 16 30 17534
8 16 45 17534
8 16 0 18025.6
8 16 15 18062
8 16 30 18426.6
8 16 45 18062
8 16 0 18636.7
8 16 15 18599.1
8 16 30 18990.3
8 16 45 19012.9
8 16 0 18426.6
8 16 15 18062
8 16 30 18025.6
8 16 45 18404.7
8 16 0 17615.9
8 16 15 17651.5
8 16 30 17986.5
8 16 45 18007.8
8 16 0 18800.9
8 16 15 18763
8 16 30 19180.4
8 16 45 19157.7
8 16 0 19090.7
8 16 15 19129.3
8 16 30 19515.5
8 16 45 19492.3
8 16 0 19047.2
8 16 15 19008.8
8 16 30 19431.7
8 16 45 19408.6
8 16 0 19348
8 16 15 18926.8
8 16 30 18965.1
8 16 45 19325
8 16 0 18823
8 16 15 18435.2
8 16 30 18845.4
8 16 45 18472.5
8 16 0 18025.6
8 16 15 18426.6
8 16 30 18404.7
8 16 45 18062
8 16 0 17697.8
8 16 15 17733.6
8 16 30 18070.1
8 16 45 18091.6
8 16 0 18153.8
8 16 15 18175.3
8 16 30 17779.8
8 16 45 18153.8
8 16 0 17568.2
8 16 15 17206.2
8 16 30 17241
8 16 45 17589
8 16 0 17170.3
8 16 15 16830.5
8 16 30 16796.5
8 16 45 17149.9
