8 19 0 13185.7
8 19 15 12940.2
8 19 30 12914
8 19 45 13201.4
8 19 0 12473.8
8 19 15 12499
8 19 30 12751.3
8 19 45 12736.2
8 19 0 12131.4
8 19 15 12376.3
8 19 30 12106.9
8 19 45 12361.6
8 19 0 11910.8
8 19 15 12136.8
8 19 30 12151.3
8 19 45 11886.8
8 19 0 11776.2
8 19 15 11762.2
8 19 30 11543.2
8 19 45 11519.9
8 19 0 12286.7
8 19 15 12301.3
8 19 30 12057.9
8 19 45 12033.5
8 19 0 12901.3
8 19 15 12646.1
8 19 30 12886
8 19 45 12620.5
8 19 0 13647.8
8 19 15 13934.9
8 19 30 13951.4
8 19 45 13675.4
8 19 0 14983.7
8 19 15 14704.7
8 19 30 15001.6
8 19 45 14675
8 19 0 16051.7
8 19 15 16032.6
8 19 30 15702.3
8 19 45 15734.1
8 19 0 16175.2
8 19 15 16501.7
8 19 30 16142.5
8 19 45 16482.1
8 19 0 17026.8
8 19 15 16689.9
8 19 30 16656.2
8 19 45 17006.5
8 19 0 16501.7
8 19 15 16482.1
8 19 30 16142.5
8 19 45 16175.2
8 19 0 16126.7
8 19 15 15775.7
8 19 30 15807.6
8 19 45 16107.5
8 19 0 16836.9
8 19 15 17156.4
8 19 30 16802.9
8 19 45 17176.8
8 19 0 17456.1
8 19 15 17476.8
8 19 30 17131
8 19 45 17096.4
8 19 0 17023.1
8 19 15 17401.8
8 19 30 17023.1
8 19 45 17057.5
8 19 0 17326.8
8 19 15 16949.7
8 19 30 17306.2
8 19 45 17306.2
8 19 0 16542.8
8 19 15 16856.7
8 19 30 16876.7
8 19 45 16509.4
8 19 0 16175.2
8 19 15 16142.5
8 19 30 16501.7
8 19 45 16482.1
8 19 0 15881.1
8 19 15 16182.4
8 19 30 15849
8 19 45 16201.7
8 19 0 16257.4
8 19 15 15922.4
8 19 30 15954.6
8 19 45 16276.7
8 19 0 15732.9
8 19 15 15408.8
8 19 30 15751.6
8 19 45 15440
8 19 0 15376.6
8 19 15 15072.3
8 19 30 15358.3
8 19 45 15072.3
