8 26 0 12097.6
8 26 15 12341.8
8 26 30 12097.6
8 26 45 12073.2
8 26 0 11661.6
8 26 15 11906.9
8 26 30 11921
8 26 45 11906.9
8 26 0 11318.6
8 26 15 11570.4
8 26 30 11318.6
8 26 45 11556.7
8 26 0 11360
8 26 15 11346.6
8 26 30 11135.3
8 26 45 11112.8
8 26 0 10996.4
8 26 15 10791.6
8 26 30 10769.8
8 26 45 11009.4
8 26 0 11500.3
8 26 15 11486.6
8 26 30 11272.7
8 26 45 11272.7
8 26 0 12061.3
8 26 15 12047
8 26 30 11822.6
8 26 45 11798.8
8 26 0 13027.5
8 26 15 12784.9
8 26 30 13043
8 26 45 12759.1
8 26 0 13719.5
8 26 15 13747.2
8 26 30 14008.1
8 26 45 14008.1
8 26 0 15006.5
8 26 15 14988.7
8 26 30 14709.5
8 26 45 14679.9
8 26 0 15427.2
8 26 15 15408.9
8 26 30 15122
8 26 45 15091.4
8 26 0 15899.2
8 26 15 15918.1
8 26 30 15603.1
8 26 45 15571.6
8 26 0 15091.4
8 26 15 15427.2
8 26 30 15408.9
8 26 45 15408.9
8 26 0 15058.7
8 26 15 14778.3
8 26 30 15076.6
8 26 45 14748.5
8 26 0 16058.3
8 26 15 16039.3
8 26 30 15740.6
8 26 45 15708.8
8 26 0 15983.2
8 26 15 16338.8
8 26 30 16015.5
8 26 45 16319.4
8 26 0 15946.8
8 26 15 16268.7
8 26 30 15914.6
8 26 45 16249.4
8 26 0 15878.1
8 26 15 16198.6
8 26 30 15846
8 26 45 16179.3
8 26 0 15777.8
8 26 15 15465.6
8 26 30 15434.4
8 26 45 15759.1
8 26 0 15091.4
8 26 15 15408.9
8 26 30 15427.2
8 26 45 15122
8 26 0 15128.7
8 26 15 14817.1
8 26 30 14847
8 26 45 15146.7
8 26 0 15198.8
8 26 15 14915.8
8 26 30 15216.8
8 26 45 14885.6
8 26 0 14434.6
8 26 15 14708.5
8 26 30 14726
8 26 45 14405.5
8 26 0 14090.9
8 26 15 14375.4
8 26 30 14062.5
8 26 45 14358.3
