8 24 0 16184.5
8 24 15 15883.1
8 24 30 16184.5
8 24 45 15851.1
8 24 0 15651.3
8 24 15 15341.7
8 24 30 15632.8
8 24 45 15310.7
8 24 0 14860.4
8 24 15 15173
8 24 30 14890.4
8 24 45 15191
8 24 0 14897.1
8 24 15 14619.7
8 24 30 14914.8
8 24 45 14590.2
8 24 0 14139.9
8 24 15 14437.3
8 24 30 14168.5
8 24 45 14454.5
8 24 0 15081
8 24 15 15098.9
8 24 30 14800.2
8 24 45 14770.3
8 24 0 15522.1
8 24 15 15816.7
8 24 30 15490.8
8 24 45 15835.5
8 24 0 17104.1
8 24 15 17124.4
8 24 30 16785.6
8 24 45 16751.7
8 24 0 18413.3
8 24 15 18012.6
8 24 30 18049
8 24 45 18049
8 24 0 19273.4
8 24 15 19312.4
8 24 30 19702.3
8 24 45 19678.9
8 24 0 19813.8
8 24 15 19853.9
8 24 30 20254.7
8 24 45 20230.6
8 24 0 20899.1
8 24 15 20485.6
8 24 30 20874.3
8 24 45 20444.3
8 24 0 19853.9
8 24 15 20230.6
8 24 30 20254.7
8 24 45 20254.7
8 24 0 19794.3
8 24 15 19770.8
8 24 30 19363.5
8 24 45 19363.5
8 24 0 20666.1
8 24 15 20624.4
8 24 30 21058.2
8 24 45 21083.3
8 24 0 21426.1
8 24 15 21451.5
8 24 30 20984.6
8 24 45 21027.1
8 24 0 21334.1
8 24 15 21359.5
8 24 30 20936.8
8 24 45 20894.6
8 24 0 21242.2
8 24 15 20804.5
8 24 30 20846.6
8 24 45 21267.4
8 24 0 20715
8 24 15 20305.1
8 24 30 20690.4
8 24 45 20264.1
8 24 0 20254.7
8 24 15 19853.9
8 24 30 20230.6
8 24 45 19813.8
8 24 0 19862.8
8 24 15 19453.6
8 24 30 19886.4
8 24 45 19492.9
8 24 0 19954.7
8 24 15 19543.6
8 24 30 19978.5
8 24 45 19583.2
8 24 0 18951.5
8 24 15 18913.2
8 24 30 19311
8 24 45 19334
8 24 0 18873.7
8 24 15 18462.9
8 24 30 18500.2
8 24 45 18851.3
