8 17 0 14493.9
8 17 15 14816.4
8 17 30 14493.9
8 17 45 14523.2
8 17 0 14311.3
8 17 15 13999.8
8 17 30 14028.1
8 17 45 14311.3
8 17 0 13890.4
8 17 15 13615.5
8 17 30 13588
8 17 45 13615.5
8 17 0 13637.8
8 17 15 13368
8 17 30 13341
8 17 45 13621.6
8 17 0 12955.4
8 17 15 12929.2
8 17 30 13201.2
8 17 45 13201.2
8 17 0 13789.8
8 17 15 13806.2
8 17 30 13505.7
8 17 45 13789.8
8 17 0 14164.5
8 17 15 14479.6
8 17 30 14193.1
8 17 45 14462.5
8 17 0 15348.4
8 17 15 15639.6
8 17 30 15658.2
8 17 45 15317.4
8 17 0 16503.7
8 17 15 16816.8
8 17 30 16836.8
8 17 45 16470.3
8 17 0 17623.3
8 17 15 17994
8 17 30 18015.4
8 17 45 17658.9
8 17 0 18520.5
8 17 15 18117.4
8 17 30 18154
8 17 45 18498.5
8 17 0 19087.1
8 17 15 19109.8
8 17 30 18693.8
8 17 45 19109.8
8 17 0 18154
8 17 15 18498.5
8 17 30 18117.4
8 17 45 18520.5
8 17 0 17705.6
8 17 15 18099.6
8 17 30 18078.1
8 17 45 17741.4
8 17 0 19278.1
8 17 15 19255.2
8 17 30 18896.7
8 17 45 18858.5
8 17 0 19591.6
8 17 15 19614.9
8 17 30 19226.8
8 17 45 19187.9
8 17 0 19144.2
8 17 15 19105.6
8 17 30 19530.7
8 17 45 19507.5
8 17 0 19446.5
8 17 15 19423.4
8 17 30 19061.7
8 17 45 19423.4
8 17 0 18941.4
8 17 15 18566.6
8 17 30 18918.9
8 17 45 18529.1
8 17 0 18117.4
8 17 15 18498.5
8 17 30 18520.5
8 17 45 18154
8 17 0 18162.1
8 17 15 18183.7
8 17 30 17823.9
8 17 45 17788
8 17 0 17906.5
8 17 15 18267.9
8 17 30 17870.3
8 17 45 17906.5
8 17 0 17678.6
8 17 15 17328.8
8 17 30 17293.9
8 17 45 17657.6
8 17 0 17257.7
8 17 15 17237.2
8 17 30 16882.1
8 17 45 16916.2
