8 14 0 14149.5
8 14 15 14132.7
8 14 30 13869.6
8 14 45 14149.5
8 14 0 13650.9
8 14 15 13667.2
8 14 30 13369.7
8 14 45 13396.7
8 14 0 12976.5
8 14 15 13002.7
8 14 30 13249.4
8 14 45 13265.2
8 14 0 13024
8 14 15 13008.5
8 14 30 12740.5
8 14 45 12766.3
8 14 0 12622
8 14 15 12347.3
8 14 30 12372.3
8 14 45 12347.3
8 14 0 13169.1
8 14 15 13184.8
8 14 30 12897.8
8 14 45 12923.9
8 14 0 13554.3
8 14 15 13827.9
8 14 30 13527
8 14 45 13811.5
8 14 0 14953.5
8 14 15 14657.6
8 14 30 14628
8 14 45 14935.7
8 14 0 15760.9
8 14 15 16079
8 14 30 15729
8 14 45 16059.9
8 14 0 17204.5
8 14 15 17184.1
8 14 30 16830.1
8 14 45 16864.1
8 14 0 17301.9
8 14 15 17686.9
8 14 30 17336.9
8 14 45 17665.9
8 14 0 18228
8 14 15 18249.7
8 14 30 17852.5
8 14 45 17852.5
8 14 0 17301.9
8 14 15 17686.9
8 14 30 17336.9
8 14 45 17665.9
8 14 0 16908.7
8 14 15 17264.4
8 14 30 17284.9
8 14 45 16942.9
8 14 0 18410.5
8 14 15 18046.2
8 14 30 18388.6
8 14 45 18009.8
8 14 0 18709.8
8 14 15 18361.4
8 14 30 18732
8 14 45 18324.3
8 14 0 18282.6
8 14 15 18245.7
8 14 30 18629.5
8 14 45 18651.6
8 14 0 18167
8 14 15 18203.8
8 14 30 18571.2
8 14 45 18549.2
8 14 0 17731
8 14 15 17695.2
8 14 30 18088.9
8 14 45 17731
8 14 0 17336.9
8 14 15 17665.9
8 14 30 17301.9
8 14 45 17686.9
8 14 0 16987.4
8 14 15 17365.3
8 14 30 17021.7
8 14 45 17344.7
8 14 0 17100.5
8 14 15 17066
8 14 30 17425
8 14 45 17445.7
8 14 0 16883
8 14 15 16548.9
8 14 30 16515.5
8 14 45 16862.9
8 14 0 16154.9
8 14 15 16461.4
8 14 30 16122.3
8 14 45 16154.9
