8 28 0 14364.3
8 28 15 14654.3
8 28 30 14335.3
8 28 45 14636.9
8 28 0 13846.6
8 28 15 14154.7
8 28 30 14137.9
8 28 45 13874.6
8 28 0 13738.4
8 28 15 13466.6
8 28 30 13439.4
8 28 45 13722.1
8 28 0 13195
8 28 15 13488.6
8 28 30 13221.7
8 28 45 13488.6
8 28 0 13056.8
8 28 15 12787.8
8 28 30 13072.3
8 28 45 12787.8
8 28 0 13655.1
8 28 15 13638.9
8 28 30 13384.9
8 28 45 13357.9
8 28 0 14321.2
8 28 15 14304.2
8 28 30 14009.5
8 28 45 14037.9
8 28 0 15486.9
8 28 15 15180.5
8 28 30 15468.5
8 28 45 15180.5
8 28 0 16632.8
8 28 15 16290.2
8 28 30 16323.1
8 28 45 16652.6
8 28 0 17797.1
8 28 15 17818.3
8 28 30 17465.7
8 28 45 17797.1
8 28 0 18296.1
8 28 15 17919.2
8 28 30 17955.4
8 28 45 17919.2
8 28 0 18526.7
8 28 15 18489.3
8 28 30 18900.7
8 28 45 18878.3
8 28 0 17919.2
8 28 15 17955.4
8 28 30 18296.1
8 28 45 18317.9
8 28 0 17880.3
8 28 15 17511.9
8 28 30 17547.3
8 28 45 17901.5
8 28 0 18652.2
8 28 15 19067.2
8 28 30 19044.6
8 28 45 18690
8 28 0 19400.3
8 28 15 18978
8 28 30 19377.2
8 28 45 18978
8 28 0 19294.1
8 28 15 18934.8
8 28 30 19317
8 28 45 18934.8
8 28 0 19233.8
8 28 15 19210.9
8 28 30 18853.2
8 28 45 18815.1
8 28 0 18363.5
8 28 15 18711.9
8 28 30 18734.2
8 28 45 18326.4
8 28 0 17919.2
8 28 15 18296.1
8 28 30 18317.9
8 28 45 17955.4
8 28 0 17629
8 28 15 17963.5
8 28 30 17593.4
8 28 45 17984.8
8 28 0 18046.6
8 28 15 17710.6
8 28 30 17674.8
8 28 45 18046.6
8 28 0 17485.2
8 28 15 17104.7
8 28 30 17464.5
8 28 45 17485.2
8 28 0 16731.2
8 28 15 17068.9
8 28 30 16697.4
8 28 45 16697.4
