8 1 0 13781.3
8 1 15 13524.7
8 1 30 13797.7
8 1 45 13781.3
8 1 0 13327.3
8 1 15 13037.2
8 1 30 13037.2
8 1 45 13063.6
8 1 0 12679.4
8 1 15 12935.3
8 1 30 12653.8
8 1 45 12679.4
8 1 0 12423.7
8 1 15 12700.1
8 1 30 12448.8
8 1 45 12685
8 1 0 12308.1
8 1 15 12293.5
8 1 30 12040.3
8 1 45 12064.6
8 1 0 12856.9
8 1 15 12841.7
8 1 30 12602.5
8 1 45 12856.9
8 1 0 13468.1
8 1 15 13484.1
8 1 30 13190.6
8 1 45 13217.3
8 1 0 14264.3
8 1 15 14564.3
8 1 30 14293.1
8 1 45 14581.6
8 1 0 15660.5
8 1 15 15679.2
8 1 30 15368.9
8 1 45 15337.9
8 1 0 16776.7
8 1 15 16411.6
8 1 30 16444.8
8 1 45 16411.6
8 1 0 16905.8
8 1 15 17247.1
8 1 30 16871.7
8 1 45 17226.6
8 1 0 17443.7
8 1 15 17795.9
8 1 30 17774.7
8 1 45 17795.9
8 1 0 17247.1
8 1 15 17226.6
8 1 30 16905.8
8 1 45 16871.7
8 1 0 16488.3
8 1 15 16855.1
8 1 30 16521.6
8 1 45 16835.1
8 1 0 17952.6
8 1 15 17597.4
8 1 30 17931.3
8 1 45 17561.9
8 1 0 17904.8
8 1 15 18266.2
8 1 30 18244.5
8 1 45 17868.7
8 1 0 18187.8
8 1 15 18166.2
8 1 30 17828
8 1 45 17792
8 1 0 17751.1
8 1 15 17715.3
8 1 30 18087.9
8 1 45 18087.9
8 1 0 17618.1
8 1 15 17255.1
8 1 30 17290
8 1 45 17639.1
8 1 0 17247.1
8 1 15 17226.6
8 1 30 16871.7
8 1 45 16905.8
8 1 0 16564.9
8 1 15 16933.5
8 1 30 16598.4
8 1 45 16598.4
8 1 0 16991.7
8 1 15 17011.9
8 1 30 16675.3
8 1 45 16641.6
8 1 0 16104.8
8 1 15 16463.1
8 1 30 16443.6
8 1 45 16137.4
8 1 0 15721.4
8 1 15 16071.1
8 1 30 16052.1
8 1 45 15753.2
