8 27 0 11855.7
8 27 15 12119.5
8 27 30 12105.1
8 27 45 12119.5
8 27 0 11474.7
8 27 15 11692.4
8 27 30 11451.5
8 27 45 11706.3
8 27 0 11114.7
8 27 15 11362
8 27 30 11348.5
8 27 45 11137.2
8 27 0 11155.4
8 27 15 11142.2
8 27 30 10912.6
8 27 45 10934.7
8 27 0 10575.8
8 27 15 10811.1
8 27 30 10597.2
8 27 45 10798.3
8 27 0 11069.7
8 27 15 11047.4
8 27 30 11293.2
8 27 45 11279.8
8 27 0 11586.3
8 27 15 11844
8 27 30 11609.7
8 27 45 11830
8 27 0 12808.1
8 27 15 12792.9
8 27 30 12554.7
8 27 45 12529.3
8 27 0 13772.1
8 27 15 13472.4
8 27 30 13755.8
8 27 45 13499.6
8 27 0 14718.7
8 27 15 14415.5
8 27 30 14736.2
8 27 45 14444.6
8 27 0 14819.6
8 27 15 15149.4
8 27 30 15131.4
8 27 45 14849.6
8 27 0 15612.8
8 27 15 15631.4
8 27 30 15322.1
8 27 45 15291.2
8 27 0 14849.6
8 27 15 15149.4
8 27 30 15131.4
8 27 45 14819.6
8 27 0 14787.5
8 27 15 14482.8
8 27 30 14512.1
8 27 45 14805.1
8 27 0 15425.9
8 27 15 15457.1
8 27 30 15769.1
8 27 45 15425.9
8 27 0 16025.5
8 27 15 15727.1
8 27 30 16044.6
8 27 45 16025.5
8 27 0 15956.7
8 27 15 15659.6
8 27 30 15628
8 27 45 15975.7
8 27 0 15592.1
8 27 15 15887.9
8 27 30 15592.1
8 27 45 15560.6
8 27 0 15156.5
8 27 15 15187.1
8 27 30 15493.7
8 27 45 15475.3
8 27 0 15149.4
8 27 15 15131.4
8 27 30 14819.6
8 27 45 14849.6
8 27 0 14550.2
8 27 15 14579.6
8 27 30 14856.3
8 27 45 14873.9
8 27 0 14647.1
8 27 15 14617.6
8 27 30 14925
8 27 45 14925
8 27 0 14443.6
8 27 15 14460.8
8 27 30 14174.6
8 27 45 14146
8 27 0 14116.5
8 27 15 13837.1
8 27 30 14099.7
8 27 45 13809.2
