8 10 0 15299.3
8 10 15 14996.6
8 10 30 14966.3
8 10 45 14996.6
8 10 0 14456.1
8 10 15 14777.7
8 10 30 14777.7
8 10 45 14456.1
8 10 0 14343.1
8 10 15 14326
8 10 30 14059.3
8 10 45 14326
8 10 0 13775.8
8 10 15 13803.7
8 10 30 14065.6
8 10 45 13775.8
8 10 0 13631.4
8 10 15 13350.6
8 10 30 13377.6
8 10 45 13631.4
8 10 0 13945.9
8 10 15 13974.1
8 10 30 14239.2
8 10 45 14239.2
8 10 0 14933.8
8 10 15 14951.6
8 10 30 14626.1
8 10 45 14951.6
8 10 0 15816.6
8 10 15 16149.4
8 10 30 15848.6
8 10 45 16168.6
8 10 0 17041.5
8 10 15 17007.1
8 10 30 17041.5
8 10 45 17385.5
8 10 0 18602.5
8 10 15 18234.5
8 10 30 18197.6
8 10 45 18580.4
8 10 0 18707.9
8 10 15 19101.4
8 10 30 18745.7
8 10 45 19124.1
8 10 0 19303.1
8 10 15 19732.6
8 10 30 19342.2
8 10 45 19303.1
8 10 0 18745.7
8 10 15 18707.9
8 10 30 19124.1
8 10 45 19124.1
8 10 0 18282.7
8 10 15 18667.3
8 10 30 18319.7
8 10 45 18689.5
8 10 0 19882.8
8 10 15 19512.6
8 10 30 19473.2
8 10 45 19906.4
8 10 0 19853.4
8 10 15 20230.1
8 10 30 20254.2
8 10 45 19813.3
8 10 0 20143.3
8 10 15 19728.3
8 10 30 20167.2
8 10 45 19768.2
8 10 0 19683
8 10 15 19643.3
8 10 30 20080.3
8 10 45 20056.5
8 10 0 19558.7
8 10 15 19133
8 10 30 19171.7
8 10 45 19535.5
8 10 0 18745.7
8 10 15 19124.1
8 10 30 19101.4
8 10 45 18707.9
8 10 0 18404.9
8 10 15 18754.1
8 10 30 18776.4
8 10 45 18754.1
8 10 0 18490.1
8 10 15 18863.3
8 10 30 18452.8
8 10 45 18840.9
8 10 0 18233.1
8 10 15 17893.6
8 10 30 18254.8
8 10 45 17857.5
8 10 0 17799
8 10 15 17432.3
8 10 30 17820.2
8 10 45 17467.6
