8 13 0 12418.1
8 13 15 12432.8
8 13 30 12162.2
8 13 45 12432.8
8 13 0 11747.6
8 13 15 12009
8 13 30 11994.7
8 13 45 11771.4
8 13 0 11402.1
8 13 15 11655.8
8 13 30 11425.2
8 13 45 11642
8 13 0 11443.9
8 13 15 11217.4
8 13 30 11194.8
8 13 45 11194.8
8 13 0 11090.7
8 13 15 11077.5
8 13 30 10849.3
8 13 45 10871.2
8 13 0 11585.1
8 13 15 11333
8 13 30 11571.4
8 13 45 11355.9
8 13 0 11909.9
8 13 15 12135.9
8 13 30 12150.3
8 13 45 11885.8
8 13 0 13123.7
8 13 15 12879.3
8 13 30 12853.3
8 13 45 13139.3
8 13 0 13848.7
8 13 15 13820.7
8 13 30 14111.5
8 13 45 14128.2
8 13 0 14818.1
8 13 15 14788.2
8 13 30 15117.2
8 13 45 15099.3
8 13 0 15522.6
8 13 15 15541
8 13 30 15522.6
8 13 45 15233.6
8 13 0 16016.5
8 13 15 16035.5
8 13 30 15718.3
8 13 45 15686.5
8 13 0 15522.6
8 13 15 15541
8 13 30 15202.8
8 13 45 15233.6
8 13 0 14887.3
8 13 15 14857.3
8 13 30 15187.8
8 13 45 15169.8
8 13 0 15824.7
8 13 15 16157.6
8 13 30 16176.8
8 13 45 15856.7
8 13 0 16459.4
8 13 15 16133.7
8 13 30 16101.1
8 13 45 16133.7
8 13 0 16388.7
8 13 15 16064.5
8 13 30 16032
8 13 45 16369.3
8 13 0 15995.2
8 13 15 16318.1
8 13 30 16298.7
8 13 45 15962.9
8 13 0 15548.3
8 13 15 15875.4
8 13 30 15894.3
8 13 45 15894.3
8 13 0 15233.6
8 13 15 15541
8 13 30 15522.6
8 13 45 15202.8
8 13 0 15240.4
8 13 15 14926.4
8 13 30 14956.6
8 13 45 15258.5
8 13 0 15329.1
8 13 15 15310.9
8 13 30 15025.8
8 13 45 14995.5
8 13 0 14834.6
8 13 15 14817
8 13 30 14541.1
8 13 45 14511.8
8 13 0 14481.4
8 13 15 14464.2
8 13 30 14166.2
8 13 45 14166.2
