8 23 0 15960.8
8 23 15 15928.6
8 23 30 15960.8
8 23 45 16283
8 23 0 15709.2
8 23 15 15709.2
8 23 30 15416.7
8 23 45 15385.6
8 23 0 14963.2
8 23 15 15265.3
8 23 30 14933
8 23 45 15247.2
8 23 0 14661.5
8 23 15 14691.2
8 23 30 14987.7
8 23 45 14969.9
8 23 0 14237.8
8 23 15 14507.9
8 23 30 14209
8 23 45 14525.2
8 23 0 15154.8
8 23 15 15172.8
8 23 30 14842.5
8 23 45 14872.6
8 23 0 15912.9
8 23 15 15912.9
8 23 30 15566.6
8 23 45 15894
8 23 0 17187.7
8 23 15 17208.1
8 23 30 16833.6
8 23 45 16867.7
8 23 0 18100.7
8 23 15 18503.4
8 23 30 18137.3
8 23 45 18481.4
8 23 0 19406.9
8 23 15 19798.6
8 23 30 19775.1
8 23 45 19775.1
8 23 0 20329.6
8 23 15 19910.7
8 23 30 19951
8 23 45 20353.7
8 23 0 20544.2
8 23 15 21001.3
8 23 30 20585.8
8 23 45 20976.4
8 23 0 20353.7
8 23 15 19951
8 23 30 20329.6
8 23 45 19910.7
8 23 0 19867.5
8 23 15 19891.1
8 23 30 19458.2
8 23 45 19497.6
8 23 0 21186.4
8 23 15 21161.2
8 23 30 20767.2
8 23 45 20725.2
8 23 0 21530.8
8 23 15 21087.3
8 23 30 21556.4
8 23 45 21129.9
8 23 0 21039.2
8 23 15 21463.9
8 23 30 20996.8
8 23 45 21438.4
8 23 0 21346
8 23 15 20906.3
8 23 30 20948.5
8 23 45 21371.4
8 23 0 20363.2
8 23 15 20404.4
8 23 30 20816.3
8 23 45 20363.2
8 23 0 20353.7
8 23 15 19951
8 23 30 20353.7
8 23 45 20353.7
8 23 0 19959.9
8 23 15 19548.7
8 23 30 19588.2
8 23 45 19983.6
8 23 0 19639.2
8 23 15 19678.9
8 23 30 20052.3
8 23 45 20076.2
8 23 0 19405.5
8 23 15 19044.1
8 23 30 19428.5
8 23 45 19405.5
8 23 0 18966
8 23 15 18553.2
8 23 30 18943.4
8 23 45 18590.7
