8 6 0 14282
8 6 15 14310.9
8 6 30 14599.8
8 6 45 14282
8 6 0 13795.2
8 6 15 13823.1
8 6 30 14085.3
8 6 45 14085.3
8 6 0 13687.3
8 6 15 13389.4
8 6 30 13416.5
8 6 45 13671.1
8 6 0 13172.6
8 6 15 13146
8 6 30 13438.5
8 6 45 13172.6
8 6 0 13023.7
8 6 15 13008.2
8 6 30 12766
8 6 45 13023.7
8 6 0 13588.2
8 6 15 13604.4
8 6 30 13308.3
8 6 45 13308.3
8 6 0 14268
8 6 15 14251.1
8 6 30 13985.7
8 6 45 13957.5
8 6 0 15411
8 6 15 15124.1
8 6 30 15093.5
8 6 45 15429.3
8 6 0 16262.4
8 6 15 16229.6
8 6 30 16571
8 6 45 16590.7
8 6 0 17752
8 6 15 17400.8
8 6 30 17365.7
8 6 45 17731
8 6 0 18228.1
8 6 15 17888.7
8 6 30 17852.6
8 6 45 17888.7
8 6 0 18420.6
8 6 15 18457.8
8 6 30 18830.4
8 6 45 18808.1
8 6 0 18228.1
8 6 15 17852.6
8 6 30 18249.8
8 6 45 18228.1
8 6 0 17813.8
8 6 15 17835
8 6 30 17446.8
8 6 45 17482.1
8 6 0 18582.9
8 6 15 18973.8
8 6 30 18620.5
8 6 45 18996.3
8 6 0 19305.2
8 6 15 19328.2
8 6 30 18907.5
8 6 45 18945.7
8 6 0 18826.3
8 6 15 18864.4
8 6 30 19245.2
8 6 45 19222.4
8 6 0 19162.2
8 6 15 18783.1
8 6 30 19139.5
8 6 45 18745.2
8 6 0 18258.3
8 6 15 18295.2
8 6 30 18642.4
8 6 45 18664.5
8 6 0 17852.6
8 6 15 18249.8
8 6 30 18228.1
8 6 45 18228.1
8 6 0 17563.4
8 6 15 17896.7
8 6 30 17528
8 6 45 17917.9
8 6 0 17979.5
8 6 15 17644.7
8 6 30 18000.9
8 6 45 17609.1
8 6 0 17041.1
8 6 15 17075.5
8 6 30 17399.5
8 6 45 17041.1
8 6 0 16985.3
8 6 15 17005.5
8 6 30 16669
8 6 45 16635.3
