6 21 0 14575.2
6 21 15 14257.9
6 21 30 14286.8
6 21 45 14557.9
6 21 0 13799.7
6 21 15 13799.7
6 21 30 14078.3
6 21 45 13771.9
6 21 0 13664.2
6 21 15 13393.8
6 21 30 13648
6 21 45 13366.8
6 21 0 13123.8
6 21 15 13415.8
6 21 30 13150.3
6 21 45 13399.8
6 21 0 13042.8
6 21 15 13333
6 21 30 13317.1
6 21 45 13069.1
6 21 0 13581.4
6 21 15 13285.8
6 21 30 13312.7
6 21 45 13565.3
6 21 0 14227
6 21 15 13933.9
6 21 30 13962.1
6 21 45 14243.9
6 21 0 15403.3
6 21 15 15098.5
6 21 30 15068
6 21 45 15385
6 21 0 16235
6 21 15 16202.2
6 21 30 16562.7
6 21 45 16543
6 21 0 17371.4
6 21 15 17701
6 21 30 17722.1
6 21 45 17371.4
6 21 0 17822.4
6 21 15 17858.5
6 21 30 18218.9
6 21 45 18197.3
6 21 0 18384.6
6 21 15 17984.4
6 21 30 18362.7
6 21 45 18020.8
6 21 0 17452.6
6 21 15 17804.9
6 21 30 17417.4
6 21 45 17783.7
6 21 0 17390.8
6 21 15 17012.3
6 21 30 17370.2
6 21 45 17046.7
6 21 0 18528.2
6 21 15 18183.2
6 21 30 18146.5
6 21 45 18550.2
6 21 0 18507.9
6 21 15 18470.5
6 21 30 18859
6 21 45 18881.5
6 21 0 18426.7
6 21 15 18389.5
6 21 30 18776.3
6 21 45 18798.6
6 21 0 18715.8
6 21 15 18693.6
6 21 30 18308.5
6 21 45 18715.8
6 21 0 17822.4
6 21 15 18197.3
6 21 30 18218.9
6 21 45 17858.5
6 21 0 17804.9
6 21 15 17452.6
6 21 30 17783.7
6 21 45 17417.4
6 21 0 17887.7
6 21 15 17533.8
6 21 30 17866.5
6 21 45 17498.4
6 21 0 17614.9
6 21 15 17579.4
6 21 30 17949.2
6 21 45 17970.5
6 21 0 17370.2
6 21 15 17390.8
6 21 30 17046.7
6 21 45 17390.8
6 21 0 16956.6
6 21 15 16976.7
6 21 30 16640.8
6 21 45 16640.8
