6 4 0 11253.5
6 4 15 11030.8
6 4 30 11008.5
6 4 45 11030.8
6 4 0 10633.2
6 4 15 10869.8
6 4 30 10869.8
6 4 45 10856.9
6 4 0 10550.1
6 4 15 10537.6
6 4 30 10537.6
6 4 45 10320.5
6 4 0 10132.9
6 4 15 10358.3
6 4 30 10153.3
6 4 45 10346
6 4 0 10090.7
6 4 15 10282.1
6 4 30 10070.3
6 4 45 10294.4
6 4 0 10257.9
6 4 15 10278.7
6 4 30 10486.2
6 4 45 10473.7
6 4 0 10997.7
6 4 15 10984.6
6 4 30 10984.6
6 4 45 10780.1
6 4 0 11634
6 4 15 11878.7
6 4 30 11892.9
6 4 45 11657.5
6 4 0 12509.7
6 4 15 12535
6 4 30 12772.8
6 4 45 12535
6 4 0 13666.9
6 4 15 13385.4
6 4 30 13412.4
6 4 45 13683.2
6 4 0 13760.7
6 4 15 14050.1
6 4 30 13788.5
6 4 45 14066.8
6 4 0 13885.8
6 4 15 14177.9
6 4 30 13885.8
6 4 45 13913.8
6 4 0 13747.1
6 4 15 13730.8
6 4 30 13447.9
6 4 45 13747.1
6 4 0 13161.7
6 4 15 13411.5
6 4 30 13135.2
6 4 45 13427.4
6 4 0 14039.2
6 4 15 14322.6
6 4 30 14010.9
6 4 45 14305.6
6 4 0 14578.3
6 4 15 14261.1
6 4 30 14561
6 4 45 14289.9
6 4 0 14198.5
6 4 15 14514.4
6 4 30 14227.2
6 4 45 14198.5
6 4 0 14433.3
6 4 15 14136
6 4 30 14450.5
6 4 45 14164.5
6 4 0 14050.1
6 4 15 13788.5
6 4 30 13760.7
6 4 45 13788.5
6 4 0 13475.1
6 4 15 13730.8
6 4 30 13747.1
6 4 45 13447.9
6 4 0 13510.5
6 4 15 13811.1
6 4 30 13794.7
6 4 45 13811.1
6 4 0 13858.5
6 4 15 13573
6 4 30 13600.5
6 4 45 13875
6 4 0 13427.4
6 4 15 13411.5
6 4 30 13411.5
6 4 45 13135.2
6 4 0 12848.4
6 4 15 13107.7
6 4 30 13092.2
6 4 45 12822.4
