6 24 0 12293.9
6 24 15 12318.8
6 24 30 12552.5
6 24 45 12293.9
6 24 0 12139
6 24 15 11874.8
6 24 30 12139
6 24 45 12124.6
6 24 0 11768
6 24 15 11525.5
6 24 30 11548.8
6 24 45 11782
6 24 0 11567.7
6 24 15 11338.9
6 24 30 11316
6 24 45 11554
6 24 0 11246.1
6 24 15 11482.7
6 24 30 11268.9
6 24 45 11496.3
6 24 0 11710.6
6 24 15 11696.6
6 24 30 11455.7
6 24 45 11478.8
6 24 0 12014.5
6 24 15 12267.2
6 24 30 12038.8
6 24 45 12281.8
6 24 0 13281.5
6 24 15 13265.7
6 24 30 12992.4
6 24 45 13018.7
6 24 0 13970.3
6 24 15 14281.2
6 24 30 14264.2
6 24 45 13998.6
6 24 0 14948.3
6 24 15 15262.7
6 24 30 15280.8
6 24 45 14978.5
6 24 0 15398.4
6 24 15 15709.3
6 24 30 15367.4
6 24 45 15398.4
6 24 0 15852.1
6 24 15 15538.4
6 24 30 15833.3
6 24 45 15507.1
6 24 0 15352.2
6 24 15 15018.1
6 24 30 15048.5
6 24 45 15334
6 24 0 14977.4
6 24 15 14995.2
6 24 30 14698.5
6 24 45 14668.8
6 24 0 15975.9
6 24 15 15646.8
6 24 30 15994.9
6 24 45 15678.4
6 24 0 15926.2
6 24 15 15958.4
6 24 30 16280.5
6 24 45 16261.2
6 24 0 15888.4
6 24 15 16209.1
6 24 30 15856.3
6 24 45 16189.9
6 24 0 15786.5
6 24 15 15818.4
6 24 30 16118.6
6 24 45 15818.4
6 24 0 15709.3
6 24 15 15690.6
6 24 30 15398.4
6 24 45 15367.4
6 24 0 15048.5
6 24 15 15334
6 24 30 15018.1
6 24 45 15352.2
6 24 0 15405.3
6 24 15 15118.5
6 24 30 15423.7
6 24 45 15088
6 24 0 15495.1
6 24 15 15188.5
6 24 30 15157.8
6 24 45 15476.7
6 24 0 14977.4
6 24 15 14995.2
6 24 30 14668.8
6 24 45 14995.2
6 24 0 14348.6
6 24 15 14638.2
6 24 30 14319.6
6 24 45 14620.8
