6 28 0 14780.5
6 28 15 14762.9
6 28 30 14780.5
6 28 45 14458.8
6 28 0 14276.6
6 28 15 13994.1
6 28 30 14259.6
6 28 45 13965.9
6 28 0 13840.2
6 28 15 13856.7
6 28 30 13582.5
6 28 45 13555.1
6 28 0 13604.7
6 28 15 13588.6
6 28 30 13335.6
6 28 45 13308.6
6 28 0 13253.2
6 28 15 13520.8
6 28 30 13504.7
6 28 45 13226.5
6 28 0 13472.9
6 28 15 13756.3
6 28 30 13772.7
6 28 45 13500.2
6 28 0 14427.4
6 28 15 14158.7
6 28 30 14444.5
6 28 45 14158.7
6 28 0 15620.3
6 28 15 15280.3
6 28 30 15601.7
6 28 45 15601.7
6 28 0 16430.4
6 28 15 16776
6 28 30 16463.6
6 28 45 16796
6 28 0 17950.4
6 28 15 17616.1
6 28 30 17580.5
6 28 45 17616.1
6 28 0 18073.5
6 28 15 18475.6
6 28 30 18110
6 28 45 18453.6
6 28 0 18237.8
6 28 15 18643.5
6 28 30 18274.6
6 28 45 18621.4
6 28 0 17662.7
6 28 15 17698.4
6 28 30 18055.7
6 28 45 18034.2
6 28 0 17635.8
6 28 15 17251.9
6 28 30 17286.8
6 28 45 17614.8
6 28 0 18439.3
6 28 15 18402.1
6 28 30 18811.5
6 28 45 18789.2
6 28 0 19124.7
6 28 15 19147.4
6 28 30 18768.6
6 28 45 18730.7
6 28 0 19040.8
6 28 15 18648.5
6 28 30 19063.4
6 28 45 18648.5
6 28 0 18566.4
6 28 15 18566.4
6 28 30 18979.5
6 28 45 18956.9
6 28 0 18073.5
6 28 15 18110
6 28 30 18453.6
6 28 45 18475.6
6 28 0 18055.7
6 28 15 18034.2
6 28 30 17698.4
6 28 45 18055.7
6 28 0 18118.1
6 28 15 17780.7
6 28 30 17744.8
6 28 45 17780.7
6 28 0 17863.1
6 28 15 17827
6 28 30 18202
6 28 45 18223.6
6 28 0 17614.8
6 28 15 17251.9
6 28 30 17286.8
6 28 45 17635.8
6 28 0 17215.9
6 28 15 16841.2
6 28 30 17195.4
6 28 45 16875.2
