6 18 0 11662.7
6 18 15 11884
6 18 30 11639.2
6 18 45 11662.7
6 18 0 11478.9
6 18 15 11265.1
6 18 30 11242.4
6 18 45 11492.5
6 18 0 11141.3
6 18 15 10911.7
6 18 30 10933.8
6 18 45 10911.7
6 18 0 10713.3
6 18 15 10735
6 18 30 10951.7
6 18 45 10938.7
6 18 0 10668.7
6 18 15 10871.2
6 18 30 10647.2
6 18 45 10884.1
6 18 0 11073.7
6 18 15 11086.9
6 18 30 10845.6
6 18 45 10867.5
6 18 0 11397.7
6 18 15 11374.7
6 18 30 11613.9
6 18 45 11627.7
6 18 0 12559.2
6 18 15 12325.4
6 18 30 12300.5
6 18 45 12574.2
6 18 0 13253.1
6 18 15 13520.6
6 18 30 13504.6
6 18 45 13226.3
6 18 0 14449.9
6 18 15 14180.8
6 18 30 14467.1
6 18 45 14152.2
6 18 0 14855
6 18 15 14549
6 18 30 14578.4
6 18 45 14872.7
6 18 0 14710.9
6 18 15 14681.2
6 18 30 14990.1
6 18 45 15007.9
6 18 0 14247.1
6 18 15 14218.3
6 18 30 14534.7
6 18 45 14517.4
6 18 0 13915.8
6 18 15 13887.7
6 18 30 14196.7
6 18 45 14196.7
6 18 0 14813.5
6 18 15 15143.1
6 18 30 15125.1
6 18 45 14843.5
6 18 0 15395.2
6 18 15 15108.5
6 18 30 15413.5
6 18 45 15078
6 18 0 15042.3
6 18 15 15327.7
6 18 30 15011.9
6 18 45 15345.9
6 18 0 14976
6 18 15 14945.8
6 18 30 15260.2
6 18 45 15278.3
6 18 0 14872.7
6 18 15 14549
6 18 30 14578.4
6 18 45 14855
6 18 0 14218.3
6 18 15 14247.1
6 18 30 14534.7
6 18 45 14517.4
6 18 0 14313.3
6 18 15 14284.5
6 18 30 14602.3
6 18 45 14584.9
6 18 0 14669.9
6 18 15 14652.5
6 18 30 14379.6
6 18 45 14350.6
6 18 0 13915.8
6 18 15 14179.8
6 18 30 13887.7
6 18 45 14196.7
6 18 0 13557
6 18 15 13842.2
6 18 30 13858.6
6 18 45 13584.4
