6 5 0 12839
6 5 15 12559.6
6 5 30 12585
6 5 45 12823.8
6 5 0 12131.4
6 5 15 12386.6
6 5 30 12401.3
6 5 45 12156
6 5 0 12022.3
6 5 15 11798.4
6 5 30 12036.6
6 5 45 12036.6
6 5 0 11560.5
6 5 15 11560.5
6 5 30 11560.5
6 5 45 11817.7
6 5 0 11512.4
6 5 15 11730.9
6 5 30 11489.2
6 5 45 11744.8
6 5 0 11963.6
6 5 15 11703.3
6 5 30 11949.4
6 5 45 11726.9
6 5 0 12532.3
6 5 15 12299
6 5 30 12274.1
6 5 45 12532.3
6 5 0 13568.5
6 5 15 13300
6 5 30 13552.4
6 5 45 13300
6 5 0 14572.5
6 5 15 14301.1
6 5 30 14272.3
6 5 45 14301.1
6 5 0 15592.6
6 5 15 15611.1
6 5 30 15271.3
6 5 45 15611.1
6 5 0 15731.2
6 5 15 16029.7
6 5 30 15699.5
6 5 45 16048.8
6 5 0 16194.7
6 5 15 15874.3
6 5 30 15842.2
6 5 45 16175.5
6 5 0 15665.4
6 5 15 15342.7
6 5 30 15684
6 5 45 15373.7
6 5 0 15319.3
6 5 15 15016.2
6 5 30 15301.1
6 5 45 14985.9
6 5 0 15984.9
6 5 15 16017.3
6 5 30 16321.2
6 5 45 16321.2
6 5 0 16632.4
6 5 15 16303.3
6 5 30 16612.6
6 5 45 16270.4
6 5 0 16199
6 5 15 16231.8
6 5 30 16539.8
6 5 45 16559.4
6 5 0 16160.3
6 5 15 16466.9
6 5 30 16486.5
6 5 45 16127.7
6 5 0 16029.7
6 5 15 16048.8
6 5 30 15699.5
6 5 45 16048.8
6 5 0 15373.7
6 5 15 15684
6 5 30 15342.7
6 5 45 15665.4
6 5 0 15445.2
6 5 15 15414
6 5 30 15757
6 5 45 15738.3
6 5 0 15811.1
6 5 15 15516.7
6 5 30 15829.9
6 5 45 15485.4
6 5 0 15319.3
6 5 15 14985.9
6 5 30 15301.1
6 5 45 15016.2
6 5 0 14658.7
6 5 15 14936.8
6 5 30 14629.1
6 5 45 14954.6
