6 23 0 14582.1
6 23 15 14611.6
6 23 30 14906.5
6 23 45 14888.8
6 23 0 14398.4
6 23 15 14085
6 23 30 14113.5
6 23 45 14398.4
6 23 0 13670.7
6 23 15 13670.7
6 23 30 13974.9
6 23 45 13698.4
6 23 0 13449.3
6 23 15 13720.8
6 23 30 13422.2
6 23 45 13704.5
6 23 0 13619.9
6 23 15 13636.1
6 23 30 13366.3
6 23 45 13339.3
6 23 0 13873.7
6 23 15 13615.3
6 23 30 13587.9
6 23 45 13890.2
6 23 0 14567.8
6 23 15 14279.5
6 23 30 14550.5
6 23 45 14550.5
6 23 0 15441.8
6 23 15 15753.5
6 23 30 15734.8
6 23 45 15410.6
6 23 0 16570.6
6 23 15 16604.1
6 23 30 16919.1
6 23 45 16939.2
6 23 0 18103.5
6 23 15 17766.4
6 23 30 18125
6 23 45 17730.5
6 23 0 18227.6
6 23 15 18264.5
6 23 30 18611.1
6 23 45 18611.1
6 23 0 18780.2
6 23 15 18430.5
6 23 30 18802.6
6 23 45 18393.3
6 23 0 17849.4
6 23 15 17813.4
6 23 30 18209.7
6 23 45 18188.1
6 23 0 17399.1
6 23 15 17434.3
6 23 30 17786.2
6 23 45 17765.1
6 23 0 18596.6
6 23 15 18559
6 23 30 18949.4
6 23 45 18949.4
6 23 0 19287.8
6 23 15 18928.7
6 23 30 19310.7
6 23 45 18890.4
6 23 0 18807.6
6 23 15 18845.6
6 23 30 19203.2
6 23 45 18845.6
6 23 0 18762.6
6 23 15 19118.6
6 23 30 18724.7
6 23 45 19141.4
6 23 0 18633.2
6 23 15 18611.1
6 23 30 18264.5
6 23 45 18227.6
6 23 0 18209.7
6 23 15 17813.4
6 23 30 18188.1
6 23 45 17849.4
6 23 0 17932.4
6 23 15 17896.2
6 23 30 18294.4
6 23 45 18272.7
6 23 0 18357.3
6 23 15 18379.1
6 23 30 17979.1
6 23 45 18015.4
6 23 0 17434.3
6 23 15 17399.1
6 23 30 17786.2
6 23 45 17765.1
6 23 0 16984.8
6 23 15 17342.1
6 23 30 17362.7
6 23 45 17019.2
