6 12 0 13282
6 12 15 13019.2
6 12 30 13266.2
6 12 45 12992.9
6 12 0 12829.2
6 12 15 12814
6 12 30 12575.4
6 12 45 12575.4
6 12 0 12451.9
6 12 15 12180.9
6 12 30 12205.5
6 12 45 12451.9
6 12 0 12225.5
6 12 15 11983.6
6 12 30 12211
6 12 45 11959.4
6 12 0 11885.6
6 12 15 12150
6 12 30 11909.6
6 12 45 12135.6
6 12 0 12361.7
6 12 15 12131.5
6 12 30 12376.4
6 12 45 12107
6 12 0 12723.3
6 12 15 12697.6
6 12 30 12980.1
6 12 45 12964.7
6 12 0 13731.2
6 12 15 14036.7
6 12 30 13758.9
6 12 45 14020
6 12 0 14764.7
6 12 15 14794.5
6 12 30 15093.2
6 12 45 14764.7
6 12 0 16130.5
6 12 15 15830.2
6 12 30 16149.7
6 12 45 15798.2
6 12 0 16274
6 12 15 16602.5
6 12 30 16582.8
6 12 45 16241.2
6 12 0 16421.9
6 12 15 16388.8
6 12 30 16753.4
6 12 45 16733.5
6 12 0 15904.1
6 12 15 15872
6 12 30 16205.9
6 12 45 16225.2
6 12 0 15502.9
6 12 15 15829
6 12 30 15847.8
6 12 45 15534.3
6 12 0 16536.4
6 12 15 16569.9
6 12 30 16904.4
6 12 45 16884.3
6 12 0 17185.8
6 12 15 16865.8
6 12 30 16831.7
6 12 45 17206.2
6 12 0 16791.8
6 12 15 17110.4
6 12 30 16757.9
6 12 45 17130.8
6 12 0 16684.1
6 12 15 17055.3
6 12 30 17035.1
6 12 45 16717.8
6 12 0 16602.5
6 12 15 16274
6 12 30 16582.8
6 12 45 16241.2
6 12 0 16205.9
6 12 15 16225.2
6 12 30 15872
6 12 45 15904.1
6 12 0 16300.6
6 12 15 15945.9
6 12 30 15978.1
6 12 45 16281.3
6 12 0 16052.1
6 12 15 16019.7
6 12 30 16376.1
6 12 45 16356.7
6 12 0 15534.3
6 12 15 15847.8
6 12 30 15502.9
6 12 45 15829
6 12 0 15470.5
6 12 15 15452.1
6 12 30 15133.8
6 12 45 15164.4
