6 13 0 13502.6
6 13 15 13486.6
6 13 30 13486.6
6 13 45 13208.7
6 13 0 13042.3
6 13 15 12758.4
6 13 30 13026.8
6 13 45 12758.4
6 13 0 12643.7
6 13 15 12408.2
6 13 30 12658.7
6 13 45 12658.7
6 13 0 12158
6 13 15 12428.5
6 13 30 12413.8
6 13 45 12182.6
6 13 0 12083
6 13 15 12337.1
6 13 30 12107.4
6 13 45 12107.4
6 13 0 12308.1
6 13 15 12567
6 13 30 12333
6 13 45 12582
6 13 0 13195.7
6 13 15 12908.5
6 13 30 13180
6 13 45 12934.6
6 13 0 13987.4
6 13 15 14252.8
6 13 30 14269.8
6 13 45 13959.2
6 13 0 15325.6
6 13 15 15009.9
6 13 30 15343.9
6 13 45 15040.3
6 13 0 16417.9
6 13 15 16093.1
6 13 30 16060.6
6 13 45 16398.4
6 13 0 16510.9
6 13 15 16878.2
6 13 30 16858.2
6 13 45 16544.3
6 13 0 17031.7
6 13 15 16694.7
6 13 30 17011.5
6 13 45 16694.7
6 13 0 16135.6
6 13 15 16494.6
6 13 30 16168.3
6 13 45 16475.1
6 13 0 15760.4
6 13 15 15792.3
6 13 30 16091.9
6 13 45 15792.3
6 13 0 16811.1
6 13 15 17164.7
6 13 30 17185.1
6 13 45 17185.1
6 13 0 17111.3
6 13 15 17492
6 13 30 17471.2
6 13 45 17145.9
6 13 0 17036.2
6 13 15 17394.6
6 13 30 17415.3
6 13 45 17070.7
6 13 0 16961.2
6 13 15 17338.6
6 13 30 17318
6 13 45 16995.5
6 13 0 16858.2
6 13 15 16510.9
6 13 30 16878.2
6 13 45 16544.3
6 13 0 16135.6
6 13 15 16494.6
6 13 30 16168.3
6 13 45 16475.1
6 13 0 16571.4
6 13 15 16210.7
6 13 30 16551.7
6 13 45 16243.5
6 13 0 16648.1
6 13 15 16628.3
6 13 30 16318.7
6 13 45 16318.7
6 13 0 16091.9
6 13 15 15792.3
6 13 30 15760.4
6 13 45 16111
6 13 0 15416.3
6 13 15 15385.1
6 13 30 15727.5
6 13 45 15385.1
