6 26 0 14243.6
6 26 15 14214.8
6 26 30 14513.8
6 26 45 14531.1
6 26 0 14035.7
6 26 15 14035.7
6 26 30 14019
6 26 45 13730.2
6 26 0 13606.7
6 26 15 13622.9
6 26 30 13606.7
6 26 45 13353.3
6 26 0 13110.6
6 26 15 13359.3
6 26 30 13375.2
6 26 45 13084.1
6 26 0 13292.6
6 26 15 13003.3
6 26 30 13276.9
6 26 45 13029.6
6 26 0 13524.3
6 26 15 13272.4
6 26 30 13245.6
6 26 45 13540.3
6 26 0 14184
6 26 15 13919.8
6 26 30 14200.8
6 26 45 13891.7
6 26 0 15052.9
6 26 15 15356.7
6 26 30 15022.5
6 26 45 15338.5
6 26 0 16185.9
6 26 15 16153.2
6 26 30 16493
6 26 45 16512.6
6 26 0 17647.5
6 26 15 17668.5
6 26 30 17318.9
6 26 45 17283.9
6 26 0 18163.9
6 26 15 17804.5
6 26 30 18142.3
6 26 45 17768.5
6 26 0 17930
6 26 15 18329
6 26 30 18307.2
6 26 45 17930
6 26 0 17730
6 26 15 17399.8
6 26 30 17751
6 26 45 17364.7
6 26 0 16960.9
6 26 15 16995.2
6 26 30 17317.6
6 26 45 17338.2
6 26 0 18128.2
6 26 15 18494.1
6 26 30 18472.1
6 26 45 18091.6
6 26 0 18824.4
6 26 15 18802
6 26 30 18451.9
6 26 45 18414.6
6 26 0 18371
6 26 15 18333.9
6 26 30 18719.5
6 26 45 18741.8
6 26 0 18253.1
6 26 15 18659.2
6 26 30 18637.1
6 26 45 18290
6 26 0 17804.5
6 26 15 18163.9
6 26 30 17768.5
6 26 45 18142.3
6 26 0 17751
6 26 15 17364.7
6 26 30 17399.8
6 26 45 17730
6 26 0 17445.5
6 26 15 17480.7
6 26 30 17812.4
6 26 45 17833.6
6 26 0 17561.7
6 26 15 17916.2
6 26 30 17894.9
6 26 45 17526.2
6 26 0 17317.6
6 26 15 16995.2
6 26 30 16960.9
6 26 45 17338.2
6 26 0 16905.3
6 26 15 16925.4
6 26 30 16590.5
6 26 45 16557
