6 30 0 14955.5
6 30 15 14647.4
6 30 30 14677
6 30 45 14973.3
6 30 0 14176.6
6 30 15 14445.6
6 30 30 14462.8
6 30 45 14462.8
6 30 0 13731.9
6 30 15 14020.8
6 30 30 13759.7
6 30 45 14020.8
6 30 0 13765.8
6 30 15 13482.2
6 30 30 13782.2
6 30 45 13782.2
6 30 0 13426.1
6 30 15 13399
6 30 30 13680.9
6 30 45 13426.1
6 30 0 13952.3
6 30 15 13648.7
6 30 30 13935.8
6 30 45 13676.3
6 30 0 14632.9
6 30 15 14343.4
6 30 30 14314.5
6 30 45 14615.6
6 30 0 15479.6
6 30 15 15805.2
6 30 30 15510.9
6 30 45 15824
6 30 0 16644.7
6 30 15 16678.4
6 30 30 16994.9
6 30 45 16644.7
6 30 0 18206.1
6 30 15 17809.9
6 30 30 18184.5
6 30 45 17845.9
6 30 0 18716.6
6 30 15 18309.2
6 30 30 18346.2
6 30 45 18309.2
6 30 0 18513
6 30 15 18864.3
6 30 30 18886.7
6 30 45 18886.7
6 30 0 18269.5
6 30 15 17893.1
6 30 30 17929.3
6 30 45 18269.5
6 30 0 17512.3
6 30 15 17477
6 30 30 17844.6
6 30 45 17865.8
6 30 0 19056.9
6 30 15 18679.8
6 30 30 18642.1
6 30 45 19056.9
6 30 0 19374.1
6 30 15 19013.4
6 30 30 19397.2
6 30 45 18975
6 30 0 18891.8
6 30 15 19289.2
6 30 30 19312.1
6 30 45 18930
6 30 0 18808.5
6 30 15 18808.5
6 30 30 19227
6 30 45 19227
6 30 0 18309.2
6 30 15 18346.2
6 30 30 18694.3
6 30 45 18346.2
6 30 0 18291.2
6 30 15 17929.3
6 30 30 17893.1
6 30 45 17929.3
6 30 0 17976.3
6 30 15 18354.4
6 30 30 18012.7
6 30 45 18354.4
6 30 0 18059.5
6 30 15 18439.4
6 30 30 18461.3
6 30 45 18096.1
6 30 0 17477
6 30 15 17512.3
6 30 30 17865.8
6 30 45 17844.6
6 30 0 17440.4
6 30 15 17419.7
6 30 30 17095.4
6 30 45 17060.8
