6 15 0 13746.7
6 15 15 13463.5
6 15 30 13490.7
6 15 45 13490.7
6 15 0 13278
6 15 15 13293.8
6 15 30 13293.8
6 15 45 13278
6 15 0 12902.8
6 15 15 12622
6 15 30 12622
6 15 45 12902.8
6 15 0 12392.5
6 15 15 12417.6
6 15 30 12653.2
6 15 45 12417.6
6 15 0 12340.9
6 15 15 12590
6 15 30 12316
6 15 45 12575.1
6 15 0 12809.4
6 15 15 12570.9
6 15 30 12545.5
6 15 45 12570.9
6 15 0 13434.3
6 15 15 13157.5
6 15 30 13184.1
6 15 45 13450.2
6 15 0 14545
6 15 15 14527.7
6 15 30 14257.2
6 15 45 14228.4
6 15 0 15330.3
6 15 15 15299.4
6 15 30 15621.2
6 15 45 15639.8
6 15 0 16403.5
6 15 15 16734.6
6 15 30 16370.4
6 15 45 16714.7
6 15 0 16863.4
6 15 15 16829.3
6 15 30 17203.8
6 15 45 17183.3
6 15 0 17339.6
6 15 15 17360.2
6 15 30 17016.7
6 15 45 16982.3
6 15 0 16446.8
6 15 15 16792.8
6 15 30 16812.8
6 15 45 16792.8
6 15 0 16402.3
6 15 15 16096.9
6 15 30 16421.8
6 15 45 16064.4
6 15 0 17516.6
6 15 15 17495.8
6 15 30 17170
6 15 45 17135.3
6 15 0 17441.3
6 15 15 17476.6
6 15 30 17829.4
6 15 45 17808.2
6 15 0 17399.9
6 15 15 17730.1
6 15 30 17751.2
6 15 45 17364.8
6 15 0 17288.3
6 15 15 17652
6 15 30 17323.3
6 15 45 17673
6 15 0 16863.4
6 15 15 17203.8
6 15 30 16829.3
6 15 45 17183.3
6 15 0 16480.1
6 15 15 16446.8
6 15 30 16792.8
6 15 45 16812.8
6 15 0 16891
6 15 15 16556.8
6 15 30 16870.9
6 15 45 16523.3
6 15 0 16599.8
6 15 15 16949
6 15 30 16969.2
6 15 45 16969.2
6 15 0 16402.3
6 15 15 16064.4
6 15 30 16096.9
6 15 45 16421.8
6 15 0 16011.8
6 15 15 15681.9
6 15 30 15713.6
6 15 45 16030.8
