6 10 0 11412.7
6 10 15 11666.6
6 10 30 11435.8
6 10 45 11652.7
6 10 0 11268.9
6 10 15 11023.6
6 10 30 11023.6
6 10 45 11255.5
6 10 0 10924.5
6 10 15 10699.4
6 10 30 10937.4
6 10 45 10937.4
6 10 0 10504.9
6 10 15 10738.6
6 10 30 10725.8
6 10 45 10526.1
6 10 0 10440
6 10 15 10659.6
6 10 30 10461.1
6 10 45 10659.6
6 10 0 10858.2
6 10 15 10656
6 10 30 10871.1
6 10 45 10634.5
6 10 0 11401.4
6 10 15 11153.3
6 10 30 11387.9
6 10 45 11153.3
6 10 0 12061.1
6 10 15 12329.5
6 10 30 12314.8
6 10 45 12085.5
6 10 0 13241.8
6 10 15 13257.5
6 10 30 12969
6 10 45 12995.2
6 10 0 14185.5
6 10 15 13904.8
6 10 30 14168.7
6 10 45 13876.8
6 10 0 14583.2
6 10 15 14565.9
6 10 30 14265.8
6 10 45 14294.7
6 10 0 14715.8
6 10 15 14698.4
6 10 30 14424.7
6 10 45 14424.7
6 10 0 13941.6
6 10 15 14234.9
6 10 30 13969.8
6 10 45 14251.8
6 10 0 13644.9
6 10 15 13617.4
6 10 30 13903.8
6 10 45 13920.4
6 10 0 14830.8
6 10 15 14848.4
6 10 30 14554.6
6 10 45 14525.2
6 10 0 14784.6
6 10 15 14814.5
6 10 30 15113.5
6 10 45 14814.5
6 10 0 14749.5
6 10 15 14719.8
6 10 30 15047.3
6 10 45 15029.4
6 10 0 14981
6 10 15 14684.6
6 10 30 14963.2
6 10 45 14654.9
6 10 0 14583.2
6 10 15 14565.9
6 10 30 14265.8
6 10 45 14294.7
6 10 0 13969.8
6 10 15 13941.6
6 10 30 14234.9
6 10 45 14234.9
6 10 0 14034.8
6 10 15 14318.1
6 10 30 14301.1
6 10 45 14006.5
6 10 0 14099.8
6 10 15 14071.3
6 10 30 14367.3
6 10 45 14384.4
6 10 0 13903.8
6 10 15 13920.4
6 10 30 13644.9
6 10 45 13617.4
6 10 0 13320.1
6 10 15 13572.8
6 10 30 13293.2
6 10 45 13588.9
