6 7 0 13288.6
6 7 15 13304.4
6 7 30 13041.2
6 7 45 13014.9
6 7 0 12596.6
6 7 15 12571.2
6 7 30 12835.6
6 7 45 12850.9
6 7 0 12201.4
6 7 15 12458.1
6 7 30 12472.9
6 7 45 12201.4
6 7 0 12003.8
6 7 15 12231.6
6 7 30 12003.8
6 7 45 11979.6
6 7 0 12156.1
6 7 15 11929.7
6 7 30 12170.5
6 7 45 11905.6
6 7 0 12152
6 7 15 12397.3
6 7 30 12382.6
6 7 45 12127.5
6 7 0 12744.8
6 7 15 12986.6
6 7 30 13002.1
6 7 45 13002.1
6 7 0 13754.3
6 7 15 13782.2
6 7 30 14043.7
6 7 45 14060.4
6 7 0 14789.6
6 7 15 14819.5
6 7 30 15118.7
6 7 45 15100.7
6 7 0 15824.9
6 7 15 15856.9
6 7 30 16177
6 7 45 15856.9
6 7 0 16610.8
6 7 15 16268.6
6 7 30 16630.5
6 7 45 16301.5
6 7 0 16449.7
6 7 15 16761.8
6 7 30 16416.5
6 7 45 16781.7
6 7 0 16233.3
6 7 15 15898.8
6 7 30 16252.6
6 7 45 15931
6 7 0 15529.1
6 7 15 15560.5
6 7 30 15874.6
6 7 45 15855.8
6 7 0 16564.4
6 7 15 16932.9
6 7 30 16912.8
6 7 45 16597.9
6 7 0 16860.2
6 7 15 17214.8
6 7 30 16894.3
6 7 45 17235.3
6 7 0 16820.2
6 7 15 17139.3
6 7 30 17159.7
6 7 45 16786.2
6 7 0 16746.1
6 7 15 17084.1
6 7 30 16712.3
6 7 45 17063.8
6 7 0 16301.5
6 7 15 16630.5
6 7 30 16268.6
6 7 45 16610.8
6 7 0 16233.3
6 7 15 15898.8
6 7 30 16252.6
6 7 45 15931
6 7 0 16308.8
6 7 15 16005.1
6 7 30 16328.2
6 7 45 15972.8
6 7 0 16079.2
6 7 15 16384.3
6 7 30 16046.7
6 7 45 16403.8
6 7 0 15529.1
6 7 15 15855.8
6 7 30 15560.5
6 7 45 15874.6
6 7 0 15159.4
6 7 15 15478.2
6 7 30 15496.6
6 7 45 15159.4
