6 22 0 14341
6 22 15 14057.2
6 22 30 14028.9
6 22 45 14324
6 22 0 13578
6 22 15 13550.6
6 22 30 13578
6 22 45 13835.7
6 22 0 13178.7
6 22 15 13152.1
6 22 30 13444.7
6 22 45 13444.7
6 22 0 12939.1
6 22 15 12912.9
6 22 30 13184.6
6 22 45 13184.6
6 22 0 12833.2
6 22 15 13103.2
6 22 30 13118.8
6 22 45 12833.2
6 22 0 13347.3
6 22 15 13363.2
6 22 30 13072.4
6 22 45 13098.8
6 22 0 13710
6 22 15 13998.4
6 22 30 13737.8
6 22 45 14015.1
6 22 0 14826
6 22 15 14856
6 22 30 15137.8
6 22 45 15155.8
6 22 0 16277.2
6 22 15 16296.6
6 22 30 15941.9
6 22 45 16296.6
6 22 0 17416.6
6 22 15 17092.3
6 22 30 17437.4
6 22 45 17057.8
6 22 0 17905
6 22 15 17926.2
6 22 30 17536.1
6 22 45 17571.6
6 22 0 17731.3
6 22 15 18089.2
6 22 30 17695.5
6 22 45 18067.7
6 22 0 17498
6 22 15 17137.5
6 22 30 17518.8
6 22 45 17172.2
6 22 0 16739
6 22 15 17091.1
6 22 30 16772.8
6 22 45 17111.4
6 22 0 18230.5
6 22 15 18252.2
6 22 30 17891
6 22 45 17854.9
6 22 0 18556.1
6 22 15 18578.1
6 22 30 18173.8
6 22 45 18556.1
6 22 0 18474.7
6 22 15 18496.6
6 22 30 18094.1
6 22 45 18130.6
6 22 0 18014.3
6 22 15 18415.1
6 22 30 18393.3
6 22 45 18050.8
6 22 0 17926.2
6 22 15 17905
6 22 30 17571.6
6 22 45 17536.1
6 22 0 17137.5
6 22 15 17498
6 22 30 17518.8
6 22 45 17172.2
6 22 0 17579.4
6 22 15 17600.3
6 22 30 17217.2
6 22 45 17600.3
6 22 0 17660.8
6 22 15 17331.9
6 22 30 17681.8
6 22 45 17297
6 22 0 16772.8
6 22 15 16739
6 22 30 17111.4
6 22 45 17091.1
6 22 0 16373.5
6 22 15 16704
6 22 30 16340.4
6 22 45 16684.2
