6 8 0 13078.6
6 8 15 12794
6 8 30 13063.1
6 8 45 12819.9
6 8 0 12357.8
6 8 15 12617.8
6 8 30 12382.8
6 8 45 12617.8
6 8 0 12018.6
6 8 15 11994.4
6 8 30 12261.2
6 8 45 12246.7
6 8 0 12038.3
6 8 15 11776.3
6 8 30 12024
6 8 45 11800.1
6 8 0 11964
6 8 15 11703.6
6 8 30 11727.3
6 8 45 11949.8
6 8 0 12186.9
6 8 15 12172.5
6 8 30 11945.8
6 8 45 12186.9
6 8 0 12503.2
6 8 15 12528.5
6 8 30 12781.4
6 8 45 12766.2
6 8 0 13805.3
6 8 15 13548.3
6 8 30 13821.8
6 8 45 13821.8
6 8 0 14568
6 8 15 14538.6
6 8 30 14844.5
6 8 45 14862.1
6 8 0 15883.6
6 8 15 15556.3
6 8 30 15587.8
6 8 45 15556.3
6 8 0 15992.5
6 8 15 16348.3
6 8 30 16328.9
6 8 45 16024.8
6 8 0 16170.5
6 8 15 16477.3
6 8 30 16137.9
6 8 45 16496.9
6 8 0 15976.8
6 8 15 15957.8
6 8 30 15629
6 8 45 15660.6
6 8 0 15605.2
6 8 15 15586.7
6 8 30 15296.4
6 8 45 15265.6
6 8 0 16645.6
6 8 15 16316.2
6 8 30 16625.8
6 8 45 16283.3
6 8 0 16942.8
6 8 15 16922.7
6 8 30 16574
6 8 45 16607.6
6 8 0 16534.7
6 8 15 16848.5
6 8 30 16868.5
6 8 45 16501.3
6 8 0 16794.2
6 8 15 16461.9
6 8 30 16774.2
6 8 45 16428.6
6 8 0 16024.8
6 8 15 16328.9
6 8 30 16348.3
6 8 45 15992.5
6 8 0 15660.6
6 8 15 15976.8
6 8 30 15957.8
6 8 45 15629
6 8 0 15701.7
6 8 15 15733.5
6 8 30 16051.1
6 8 45 16032
6 8 0 16106.2
6 8 15 15774.4
6 8 30 16125.4
6 8 45 15806.3
6 8 0 15296.4
6 8 15 15605.2
6 8 30 15586.7
6 8 45 15296.4
6 8 0 14932.2
6 8 15 15233.7
6 8 30 14902.1
6 8 45 15215.6
