6 19 0 13890.3
6 19 15 14182.5
6 19 30 13918.4
6 19 45 13890.3
6 19 0 13715.3
6 19 15 13443.9
6 19 30 13699
6 19 45 13416.8
6 19 0 13296.1
6 19 15 13022.2
6 19 30 13311.9
6 19 45 13296.1
6 19 0 12811.2
6 19 15 13054.3
6 19 30 13069.9
6 19 45 12785.4
6 19 0 12973.8
6 19 15 12989.2
6 19 30 12989.2
6 19 45 12732.2
6 19 0 13231.2
6 19 15 12969.4
6 19 30 12943.2
6 19 45 12969.4
6 19 0 13860.2
6 19 15 13574.6
6 19 30 13602.1
6 19 45 13876.6
6 19 0 15006.1
6 19 15 14988.3
6 19 30 14679.5
6 19 45 14709.2
6 19 0 16135.6
6 19 15 16116.5
6 19 30 15784.4
6 19 45 15816.4
6 19 0 17244.6
6 19 15 16889.3
6 19 30 17265.1
6 19 45 16923.5
6 19 0 17362.9
6 19 15 17749.2
6 19 30 17728.1
6 19 45 17728.1
6 19 0 17520.7
6 19 15 17889.3
6 19 30 17910.5
6 19 45 17556.2
6 19 0 17002.6
6 19 15 17325.2
6 19 30 16968.3
6 19 45 17345.8
6 19 0 16942.4
6 19 15 16573.6
6 19 30 16922.3
6 19 45 16607.2
6 19 0 17678.6
6 19 15 18071.9
6 19 30 17714.3
6 19 45 18050.4
6 19 0 18372.8
6 19 15 17994.2
6 19 30 18394.6
6 19 45 18030.6
6 19 0 17915.3
6 19 15 18292.2
6 19 30 17951.6
6 19 45 18313.9
6 19 0 17836.4
6 19 15 17872.5
6 19 30 18233.2
6 19 45 18211.6
6 19 0 17362.9
6 19 15 17728.1
6 19 30 17749.2
6 19 45 17398
6 19 0 17002.6
6 19 15 16968.3
6 19 30 17345.8
6 19 45 17325.2
6 19 0 17405.8
6 19 15 17081.7
6 19 30 17426.5
6 19 45 17047.2
6 19 0 17486.4
6 19 15 17160.7
6 19 30 17507.1
6 19 45 17126.1
6 19 0 16573.6
6 19 15 16942.4
6 19 30 16922.3
6 19 45 16607.2
6 19 0 16211.8
6 19 15 16519.4
6 19 30 16179
6 19 45 16539
