6 25 0 11719.1
6 25 15 11742.9
6 25 30 11979.9
6 25 45 11719.1
6 25 0 11342.5
6 25 15 11571.5
6 25 30 11557.7
6 25 45 11319.6
6 25 0 11008.9
6 25 15 11231.1
6 25 30 11217.8
6 25 45 10986.7
6 25 0 11013.9
6 25 15 11026.9
6 25 30 11026.9
6 25 45 11013.9
6 25 0 10945.9
6 25 15 10958.9
6 25 30 10742
6 25 45 10720.4
6 25 0 11163.1
6 25 15 10942.2
6 25 30 10920.1
6 25 45 11149.8
6 25 0 11693.7
6 25 15 11707.6
6 25 30 11476
6 25 45 11452.8
6 25 0 12385
6 25 15 12660.6
6 25 30 12410.1
6 25 45 12410.1
6 25 0 13344.1
6 25 15 13597.3
6 25 30 13317.2
6 25 45 13613.5
6 25 0 14278.2
6 25 15 14249.4
6 25 30 14549.2
6 25 45 14278.2
6 25 0 14957.1
6 25 15 14648.9
6 25 30 14974.9
6 25 45 14678.6
6 25 0 15111
6 25 15 15093.1
6 25 30 15093.1
6 25 45 14812
6 25 0 14617.2
6 25 15 14345
6 25 30 14316
6 25 45 14634.5
6 25 0 13983.1
6 25 15 14011.4
6 25 30 14294.2
6 25 45 13983.1
6 25 0 14915.3
6 25 15 15247.1
6 25 30 14945.4
6 25 45 15229
6 25 0 15519.4
6 25 15 15212.3
6 25 30 15181.6
6 25 45 15212.3
6 25 0 15433
6 25 15 15115
6 25 30 15451.3
6 25 45 15145.6
6 25 0 15078.9
6 25 15 15048.5
6 25 30 15365
6 25 45 15383.3
6 25 0 14648.9
6 25 15 14974.9
6 25 30 14957.1
6 25 45 14678.6
6 25 0 14316
6 25 15 14345
6 25 30 14617.2
6 25 45 14634.5
6 25 0 14382.6
6 25 15 14411.7
6 25 30 14685.1
6 25 45 14685.1
6 25 0 14753.1
6 25 15 14770.7
6 25 30 14449.2
6 25 45 14478.4
6 25 0 14011.4
6 25 15 14277.2
6 25 30 14294.2
6 25 45 13983.1
6 25 0 13937.3
6 25 15 13650.1
6 25 30 13953.8
6 25 45 13677.8
