6 17 0 11898.6
6 17 15 11922.7
6 17 30 12148.9
6 17 45 11898.6
6 17 0 11516.2
6 17 15 11748.7
6 17 30 11748.7
6 17 45 11516.2
6 17 0 11403.2
6 17 15 11389.6
6 17 30 11155
6 17 45 11389.6
6 17 0 11195.8
6 17 15 11182.5
6 17 30 10974.3
6 17 45 11182.5
6 17 0 10884.5
6 17 15 11126.7
6 17 30 11113.5
6 17 45 10906.6
6 17 0 11087.4
6 17 15 11320.6
6 17 30 11109.8
6 17 45 11334.1
6 17 0 11628.2
6 17 15 11651.7
6 17 30 11886.9
6 17 45 11628.2
6 17 0 12600.1
6 17 15 12854.5
6 17 30 12574.7
6 17 45 12839.2
6 17 0 13548.5
6 17 15 13805.6
6 17 30 13521.2
6 17 45 13822
6 17 0 14467.7
6 17 15 14496.9
6 17 30 14789.6
6 17 45 14772
6 17 0 14903.4
6 17 15 14873.3
6 17 30 15204.2
6 17 45 15186.2
6 17 0 15324.2
6 17 15 15038.9
6 17 30 15342.4
6 17 45 15008.5
6 17 0 14841
6 17 15 14535.3
6 17 30 14858.7
6 17 45 14564.7
6 17 0 14513.1
6 17 15 14495.9
6 17 30 14226
6 17 45 14197.2
6 17 0 15462.3
6 17 15 15480.7
6 17 30 15143.7
6 17 45 15480.7
6 17 0 15414.1
6 17 15 15757.1
6 17 30 15445.3
6 17 45 15738.4
6 17 0 15346.5
6 17 15 15377.6
6 17 30 15669.4
6 17 45 15688
6 17 0 15600.3
6 17 15 15618.9
6 17 30 15278.9
6 17 45 15309.8
6 17 0 14873.3
6 17 15 15186.2
6 17 30 15204.2
6 17 45 15186.2
6 17 0 14841
6 17 15 14535.3
6 17 30 14564.7
6 17 45 14564.7
6 17 0 14632.4
6 17 15 14910.1
6 17 30 14602.9
6 17 45 14927.8
6 17 0 14700.2
6 17 15 14996.9
6 17 30 14670.5
6 17 45 14979.1
6 17 0 14226
6 17 15 14197.2
6 17 30 14495.9
6 17 45 14197.2
6 17 0 13887.2
6 17 15 14167.6
6 17 30 14150.7
6 17 45 13859.2
