6 2 0 12604.8
6 2 15 12859.2
6 2 30 12579.3
6 2 45 12579.3
6 2 0 12406.1
6 2 15 12420.8
6 2 30 12406.1
6 2 45 12175.1
6 2 0 12055.5
6 2 15 11793.1
6 2 30 11817
6 2 45 12055.5
6 2 0 11836.3
6 2 15 11602.1
6 2 30 11822.3
6 2 45 11822.3
6 2 0 11749.3
6 2 15 11507.2
6 2 30 11507.2
6 2 45 11530.5
6 2 0 11982.4
6 2 15 11968.2
6 2 30 11721.6
6 2 45 11745.4
6 2 0 12318.3
6 2 15 12567
6 2 30 12293.4
6 2 45 12552
6 2 0 13294.1
6 2 15 13321
6 2 30 13573.7
6 2 45 13589.8
6 2 0 14595.4
6 2 15 14294.7
6 2 30 14612.7
6 2 45 14323.6
6 2 0 15326.3
6 2 15 15617.1
6 2 30 15635.6
6 2 45 15635.6
6 2 0 16074
6 2 15 16054.9
6 2 30 15724.2
6 2 45 15756
6 2 0 16220.1
6 2 15 15867.1
6 2 30 15899.2
6 2 45 16200.9
6 2 0 15708.7
6 2 15 15397.9
6 2 30 15690
6 2 45 15366.8
6 2 0 15039.8
6 2 15 15343.4
6 2 30 15325.2
6 2 45 15009.4
6 2 0 16010.1
6 2 15 16346.8
6 2 30 16042.4
6 2 45 16366.3
6 2 0 16296
6 2 15 16658.5
6 2 30 16638.7
6 2 45 16638.7
6 2 0 16257.3
6 2 15 16565.8
6 2 30 16224.5
6 2 45 16585.5
6 2 0 16492.8
6 2 15 16185.7
6 2 30 16512.4
6 2 45 16153
6 2 0 15756
6 2 15 16074
6 2 30 16054.9
6 2 45 15724.2
6 2 0 15397.9
6 2 15 15366.8
6 2 30 15690
6 2 45 15708.7
6 2 0 15763
6 2 15 15781.8
6 2 30 15438.3
6 2 45 15469.5
6 2 0 15836
6 2 15 15509.7
6 2 30 15854.8
6 2 45 15541.1
6 2 0 15039.8
6 2 15 15009.4
6 2 30 15325.2
6 2 45 15343.4
6 2 0 14652.1
6 2 15 14681.7
6 2 30 14960.3
6 2 45 14978.1
