6 16 0 13671.6
6 16 15 13699.3
6 16 30 13699.3
6 16 45 13959.2
6 16 0 13499.3
6 16 15 13232.2
6 16 30 13483.3
6 16 45 13205.5
6 16 0 12843.1
6 16 15 13086.8
6 16 30 13086.8
6 16 45 13102.3
6 16 0 12584.1
6 16 15 12848.8
6 16 30 12609.5
6 16 45 12864.1
6 16 0 12531.7
6 16 15 12769.5
6 16 30 12506.4
6 16 45 12506.4
6 16 0 13007.4
6 16 15 12739.5
6 16 30 12765.2
6 16 45 12739.5
6 16 0 13641.9
6 16 15 13387.9
6 16 30 13360.9
6 16 45 13658.2
6 16 0 14769.9
6 16 15 14477.6
6 16 30 14448.4
6 16 45 14752.3
6 16 0 15535.9
6 16 15 15862.7
6 16 30 15881.6
6 16 45 15881.6
6 16 0 16993.3
6 16 15 16973.1
6 16 30 16657.1
6 16 45 16657.1
6 16 0 17449
6 16 15 17469.7
6 16 30 17124.1
6 16 45 17089.5
6 16 0 17279.8
6 16 15 17607.6
6 16 30 17244.9
6 16 45 17628.6
6 16 0 16701.1
6 16 15 17052.4
6 16 30 16734.9
6 16 45 17072.7
6 16 0 16312.7
6 16 15 16345.7
6 16 30 16675.7
6 16 45 16655.9
6 16 0 17435.4
6 16 15 17787.4
6 16 30 17400.2
6 16 45 17766.3
6 16 0 18105
6 16 15 17711
6 16 30 17746.8
6 16 45 18083.5
6 16 0 17668.9
6 16 15 18025.6
6 16 30 18004.2
6 16 45 17633.3
6 16 0 17591.1
6 16 15 17555.6
6 16 30 17924.9
6 16 45 17946.2
6 16 0 17469.7
6 16 15 17449
6 16 30 17124.1
6 16 45 17089.5
6 16 0 17052.4
6 16 15 16734.9
6 16 30 16701.1
6 16 45 17072.7
6 16 0 17152.1
6 16 15 16778.8
6 16 30 16812.7
6 16 45 17131.7
6 16 0 16890.6
6 16 15 17211.1
6 16 30 17231.5
6 16 45 16856.5
6 16 0 16312.7
6 16 15 16345.7
6 16 30 16655.9
6 16 45 16675.7
6 16 0 15956.5
6 16 15 16259.3
6 16 30 15924.3
6 16 45 16278.6
