6 3 0 11297.1
6 3 15 11297.1
6 3 30 11283.7
6 3 45 11283.7
6 3 0 10674.5
6 3 15 10696.1
6 3 30 10696.1
6 3 45 10674.5
6 3 0 10381.5
6 3 15 10360.5
6 3 30 10381.5
6 3 45 10360.5
6 3 0 10172.1
6 3 15 10386.1
6 3 30 10398.5
6 3 45 10386.1
6 3 0 10334.3
6 3 15 10129.8
6 3 30 10322
6 3 45 10109.4
6 3 0 10526.8
6 3 15 10514.3
6 3 30 10318.6
6 3 45 10297.7
6 3 0 11027.2
6 3 15 10821.9
6 3 30 11040.3
6 3 45 10800.1
6 3 0 11939
6 3 15 11679.1
6 3 30 11924.8
6 3 45 11702.8
6 3 0 12558.2
6 3 15 12583.6
6 3 30 12822.4
6 3 45 12837.6
6 3 0 13719.9
6 3 15 13464.5
6 3 30 13437.3
6 3 45 13736.2
6 3 0 13814
6 3 15 14104.6
6 3 30 14121.4
6 3 45 13842
6 3 0 14232.8
6 3 15 13967.8
6 3 30 13939.6
6 3 45 13967.8
6 3 0 13500.1
6 3 15 13784
6 3 30 13800.4
6 3 45 13800.4
6 3 0 13479.5
6 3 15 13463.5
6 3 30 13212.8
6 3 45 13186.1
6 3 0 14361.1
6 3 15 14378.1
6 3 30 14065.2
6 3 45 14093.6
6 3 0 14345.3
6 3 15 14316.3
6 3 30 14634.9
6 3 45 14634.9
6 3 0 14553.4
6 3 15 14282.4
6 3 30 14253.6
6 3 45 14570.7
6 3 0 14506.5
6 3 15 14190.8
6 3 30 14489.3
6 3 45 14219.5
6 3 0 14121.4
6 3 15 13842
6 3 30 13814
6 3 45 14104.6
6 3 0 13527.4
6 3 15 13800.4
6 3 30 13784
6 3 45 13500.1
6 3 0 13864.6
6 3 15 13590.3
6 3 30 13562.9
6 3 45 13848.2
6 3 0 13653.2
6 3 15 13928.8
6 3 30 13625.6
6 3 45 13912.3
6 3 0 13479.5
6 3 15 13463.5
6 3 30 13212.8
6 3 45 13186.1
6 3 0 13142.9
6 3 15 12898.2
6 3 30 12872.2
6 3 45 13158.6
