6 14 0 13358
6 14 15 13358
6 14 30 13093.7
6 14 45 13067.3
6 14 0 12902.7
6 14 15 12647.4
6 14 30 12887.3
6 14 45 12621.8
6 14 0 12523.2
6 14 15 12275.4
6 14 30 12250.6
6 14 45 12508.3
6 14 0 12295.5
6 14 15 12280.9
6 14 30 12027.9
6 14 45 12052.2
6 14 0 11953.6
6 14 15 12205.1
6 14 30 11977.8
6 14 45 12219.6
6 14 0 12447.3
6 14 15 12201
6 14 30 12432.5
6 14 45 12432.5
6 14 0 12770.3
6 14 15 12796.1
6 14 30 13054.4
6 14 45 13038.9
6 14 0 14100.3
6 14 15 14117
6 14 30 13809.8
6 14 45 13837.7
6 14 0 15161.6
6 14 15 14849.2
6 14 30 14879.2
6 14 45 14849.2
6 14 0 15920.8
6 14 15 16222.9
6 14 30 16242.2
6 14 45 15888.7
6 14 0 16677.7
6 14 15 16334.1
6 14 30 16367.2
6 14 45 16697.5
6 14 0 16516
6 14 15 16829.3
6 14 30 16849.3
6 14 45 16482.6
6 14 0 15995.2
6 14 15 16318.1
6 14 30 16298.7
6 14 45 15962.9
6 14 0 15938.6
6 14 15 15919.6
6 14 30 15591.7
6 14 45 15623.2
6 14 0 17001.1
6 14 15 16664.7
6 14 30 16631.1
6 14 45 16981
6 14 0 16962.3
6 14 15 17284.2
6 14 30 16928.1
6 14 45 17304.7
6 14 0 17228.8
6 14 15 16853.8
6 14 30 16887.9
6 14 45 16887.9
6 14 0 17152.9
6 14 15 16813.5
6 14 30 17132.6
6 14 45 16779.6
6 14 0 16677.7
6 14 15 16697.5
6 14 30 16334.1
6 14 45 16367.2
6 14 0 16318.1
6 14 15 15962.9
6 14 30 15995.2
6 14 45 16298.7
6 14 0 16069.6
6 14 15 16394
6 14 30 16374.5
6 14 45 16037.1
6 14 0 16144
6 14 15 16111.4
6 14 30 16469.9
6 14 45 16450.3
6 14 0 15919.6
6 14 15 15623.2
6 14 30 15938.6
6 14 45 15591.7
6 14 0 15251.2
6 14 15 15559.1
6 14 30 15220.4
6 14 45 15559.1
