6 27 0 14246.1
6 27 15 14533.7
6 27 30 14217.3
6 27 45 14516.4
6 27 0 14021.5
6 27 15 13760.4
6 27 30 14038.2
6 27 45 14021.5
6 27 0 13625.3
6 27 15 13609.1
6 27 30 13355.7
6 27 45 13355.7
6 27 0 13112.9
6 27 15 13361.7
6 27 30 13377.6
6 27 45 13086.4
6 27 0 13279.2
6 27 15 13031.9
6 27 30 13005.6
6 27 45 13295
6 27 0 13542.7
6 27 15 13526.7
6 27 30 13274.8
6 27 45 13542.7
6 27 0 14203.4
6 27 15 13894.2
6 27 30 13922.3
6 27 45 14186.5
6 27 0 15341.2
6 27 15 15359.4
6 27 30 15025.1
6 27 45 15055.5
6 27 0 16188.7
6 27 15 16495.9
6 27 30 16515.5
6 27 45 16156.1
6 27 0 17322
6 27 15 17287
6 27 30 17287
6 27 45 17287
6 27 0 18145.5
6 27 15 18167.1
6 27 30 17771.7
6 27 45 17807.6
6 27 0 17933.2
6 27 15 18310.5
6 27 30 18332.2
6 27 45 18310.5
6 27 0 17733.1
6 27 15 17367.8
6 27 30 17754.2
6 27 45 17367.8
6 27 0 17341.3
6 27 15 16998.2
6 27 30 16963.9
6 27 45 17320.7
6 27 0 18475.4
6 27 15 18497.4
6 27 30 18131.4
6 27 45 18094.8
6 27 0 18827.7
6 27 15 18455.2
6 27 30 18805.3
6 27 45 18417.9
6 27 0 18722.9
6 27 15 18745.1
6 27 30 18337.1
6 27 45 18745.1
6 27 0 18293.3
6 27 15 18256.4
6 27 30 18662.5
6 27 45 18640.4
6 27 0 18167.1
6 27 15 17771.7
6 27 30 17807.6
6 27 45 18145.5
6 27 0 17754.2
6 27 15 17367.8
6 27 30 17402.9
6 27 45 17733.1
6 27 0 17483.8
6 27 15 17836.8
6 27 30 17448.6
6 27 45 17815.6
6 27 0 17919.3
6 27 15 17529.3
6 27 30 17898.1
6 27 45 17564.8
6 27 0 16963.9
6 27 15 17341.3
6 27 30 16998.2
6 27 45 17320.7
6 27 0 16593.5
6 27 15 16928.4
6 27 30 16560
6 27 45 16908.3
