6 29 0 14588.4
6 29 15 14865.2
6 29 30 14865.2
6 29 45 14559
6 29 0 14062.7
6 29 15 14091.1
6 29 30 14375.5
6 29 45 14358.5
6 29 0 13936.2
6 29 15 13649
6 29 30 13676.7
6 29 45 13952.7
6 29 0 13682.8
6 29 15 13428
6 29 30 13699
6 29 45 13400.9
6 29 0 13345.1
6 29 15 13614.5
6 29 30 13318.2
6 29 45 13614.5
6 29 0 13593.8
6 29 15 13851.7
6 29 30 13566.3
6 29 45 13868.2
6 29 0 14256.9
6 29 15 14544.7
6 29 30 14544.7
6 29 45 14228.1
6 29 0 15417.3
6 29 15 15386.2
6 29 30 15728.5
6 29 45 15709.9
6 29 0 16892.3
6 29 15 16577.8
6 29 30 16912.4
6 29 45 16577.8
6 29 0 17702.4
6 29 15 17738.2
6 29 30 18074.8
6 29 45 18074.8
6 29 0 18603.6
6 29 15 18581.6
6 29 30 18198.7
6 29 45 18235.5
6 29 0 18364.2
6 29 15 18772.8
6 29 30 18750.5
6 29 45 18401.3
6 29 0 17785.1
6 29 15 18180.8
6 29 30 17821.1
6 29 45 17785.1
6 29 0 17736.9
6 29 15 17758
6 29 30 17371.5
6 29 45 17406.7
6 29 0 18919.4
6 29 15 18941.9
6 29 30 18567.1
6 29 45 18919.4
6 29 0 19257.2
6 29 15 18898.7
6 29 30 19280.1
6 29 45 18860.5
6 29 0 18815.8
6 29 15 18777.8
6 29 30 19172.8
6 29 45 19172.8
6 29 0 19088.3
6 29 15 18732.9
6 29 30 19111
6 29 45 18695.1
6 29 0 18603.6
6 29 15 18235.5
6 29 30 18581.6
6 29 45 18198.7
6 29 0 17821.1
6 29 15 18159.2
6 29 30 17785.1
6 29 45 18180.8
6 29 0 18243.7
6 29 15 17904
6 29 30 18265.4
6 29 45 17867.8
6 29 0 17950.6
6 29 15 18328.2
6 29 30 17986.9
6 29 45 18350
6 29 0 17406.7
6 29 15 17736.9
6 29 30 17758
6 29 45 17758
6 29 0 17314.6
6 29 15 16957.9
6 29 30 16992.2
6 29 45 17335.2
