6 11 0 11359.2
6 11 15 11372.7
6 11 30 11125.2
6 11 45 11125.2
6 11 0 10745.9
6 11 15 10767.6
6 11 30 10971.9
6 11 45 10767.6
6 11 0 10429.8
6 11 15 10661.9
6 11 30 10450.9
6 11 45 10649.2
6 11 0 10240.2
6 11 15 10468
6 11 30 10260.9
6 11 45 10455.6
6 11 0 10403.4
6 11 15 10391.1
6 11 30 10177
6 11 45 10403.4
6 11 0 10366.6
6 11 15 10387.6
6 11 30 10387.6
6 11 45 10584.7
6 11 0 10894.3
6 11 15 10872.3
6 11 30 11101
6 11 45 11114.2
6 11 0 11781
6 11 15 12004.6
6 11 30 12018.9
6 11 45 11757.3
6 11 0 12923.5
6 11 15 12642.2
6 11 30 12908.2
6 11 45 12667.8
6 11 0 13828.1
6 11 15 13554.5
6 11 30 13527.2
6 11 45 13811.7
6 11 0 13906.4
6 11 15 14215.8
6 11 30 13934.6
6 11 45 14199
6 11 0 14032.9
6 11 15 14061.2
6 11 30 14345.1
6 11 45 14345.1
6 11 0 13590.4
6 11 15 13617.9
6 11 30 13892.8
6 11 45 13876.3
6 11 0 13301.2
6 11 15 13553.6
6 11 30 13274.3
6 11 45 13569.7
6 11 0 14187.9
6 11 15 14474.3
6 11 30 14159.3
6 11 45 14187.9
6 11 0 14412.1
6 11 15 14715.3
6 11 30 14732.8
6 11 45 14441.3
6 11 0 14668.2
6 11 15 14348.9
6 11 30 14377.9
6 11 45 14650.8
6 11 0 14603.6
6 11 15 14285.7
6 11 30 14586.2
6 11 45 14586.2
6 11 0 13906.4
6 11 15 14215.8
6 11 30 13934.6
6 11 45 14215.8
6 11 0 13892.8
6 11 15 13876.3
6 11 30 13590.4
6 11 45 13876.3
6 11 0 13653.6
6 11 15 13940.8
6 11 30 13957.4
6 11 45 13681.2
6 11 0 14005.3
6 11 15 13744.6
6 11 30 13716.8
6 11 45 14022
6 11 0 13553.6
6 11 15 13301.2
6 11 30 13569.7
6 11 45 13553.6
6 11 0 12958.3
6 11 15 12984.5
6 11 30 13246.6
6 11 45 13230.9
