6 9 0 12857
6 9 15 12857
6 9 30 13100.9
6 9 45 12831
6 9 0 12393.6
6 9 15 12654.3
6 9 30 12669.3
6 9 45 12654.3
6 9 0 12029.1
6 9 15 12282.1
6 9 30 12296.7
6 9 45 12029.1
6 9 0 12073.1
6 9 15 12058.8
6 9 30 11810.4
6 9 45 12073.1
6 9 0 11998.6
6 9 15 11737.4
6 9 30 11984.4
6 9 45 11761.2
6 9 0 11980.3
6 9 15 12207.7
6 9 30 11980.3
6 9 45 12222.2
6 9 0 12818.4
6 9 15 12803.2
6 9 30 12564.7
6 9 45 12564.7
6 9 0 13560
6 9 15 13861.7
6 9 30 13845.3
6 9 45 13587.5
6 9 0 14580.7
6 9 15 14610.2
6 9 30 14905.1
6 9 45 14887.4
6 9 0 15948.4
6 9 15 15929.5
6 9 30 15632.9
6 9 45 15601.3
6 9 0 16376.1
6 9 15 16071.2
6 9 30 16395.6
6 9 45 16038.7
6 9 0 16217.3
6 9 15 16184.6
6 9 30 16544.6
6 9 45 16525
6 9 0 16003.9
6 9 15 15674.2
6 9 30 15705.9
6 9 45 16023
6 9 0 15340.7
6 9 15 15650.3
6 9 30 15631.8
6 9 45 15309.7
6 9 0 16363.4
6 9 15 16693.7
6 9 30 16673.9
6 9 45 16330.4
6 9 0 16622
6 9 15 16991.8
6 9 30 16971.6
6 9 45 16655.6
6 9 0 16549.1
6 9 15 16897.2
6 9 30 16582.5
6 9 45 16917.3
6 9 0 16822.8
6 9 15 16842.7
6 9 30 16509.5
6 9 45 16476.2
6 9 0 16071.2
6 9 15 16038.7
6 9 30 16395.6
6 9 45 16376.1
6 9 0 15674.2
6 9 15 16023
6 9 30 16003.9
6 9 45 15705.9
6 9 0 16078.4
6 9 15 16097.5
6 9 30 15747.1
6 9 45 15779
6 9 0 15820
6 9 15 16172
6 9 30 16152.8
6 9 45 16172
6 9 0 15309.7
6 9 15 15631.8
6 9 30 15650.3
6 9 45 15309.7
6 9 0 15259.6
6 9 15 15277.7
6 9 30 14945.2
6 9 45 14975.4
