6 1 0 13654.5
6 1 15 13373.2
6 1 30 13670.8
6 1 45 13400.3
6 1 0 12917.3
6 1 15 13204.7
6 1 30 13189
6 1 45 13189
6 1 0 12562.8
6 1 15 12801.1
6 1 30 12816.3
6 1 45 12537.4
6 1 0 12583.3
6 1 15 12309.4
6 1 30 12334.3
6 1 45 12334.3
6 1 0 12233.5
6 1 15 12258.2
6 1 30 12490.8
6 1 45 12505.6
6 1 0 12723.5
6 1 15 12461.4
6 1 30 12486.6
6 1 45 12738.7
6 1 0 13344.2
6 1 15 13069.3
6 1 30 13069.3
6 1 45 13360.1
6 1 0 14133.1
6 1 15 14447.5
6 1 30 14430.4
6 1 45 14430.4
6 1 0 15196.8
6 1 15 15535
6 1 30 15227.6
6 1 45 15516.5
6 1 0 16293.5
6 1 15 16260.6
6 1 30 16622.4
6 1 45 16602.7
6 1 0 16716.5
6 1 15 17088.5
6 1 30 16750.3
6 1 45 16716.5
6 1 0 17223.3
6 1 15 16868.5
6 1 30 17243.8
6 1 45 16902.6
6 1 0 16336.6
6 1 15 16700.1
6 1 30 16680.3
6 1 45 16369.6
6 1 0 15956.7
6 1 15 16292.3
6 1 30 16311.7
6 1 45 15989
6 1 0 17020.5
6 1 15 17378.5
6 1 30 17399.2
6 1 45 17054.9
6 1 0 17359.4
6 1 15 17324.4
6 1 30 17709.9
6 1 45 17688.8
6 1 0 17632.2
6 1 15 17283.3
6 1 30 17248.4
6 1 45 17611.2
6 1 0 17207.2
6 1 15 17533.7
6 1 30 17172.4
6 1 45 17554.5
6 1 0 16750.3
6 1 15 17068.2
6 1 30 17088.5
6 1 45 16716.5
6 1 0 16680.3
6 1 15 16700.1
6 1 30 16336.6
6 1 45 16369.6
6 1 0 16412.6
6 1 15 16777.8
6 1 30 16757.8
6 1 45 16445.8
6 1 0 16835.4
6 1 15 16521.9
6 1 30 16488.6
6 1 45 16855.4
6 1 0 15989
6 1 15 16292.3
6 1 30 16311.7
6 1 45 15956.7
6 1 0 15608.3
6 1 15 15923.3
6 1 30 15576.8
6 1 45 15904.4
