6 20 0 14685
6 20 15 14365.3
6 20 30 14365.3
6 20 45 14394.4
6 20 0 14167.5
6 20 15 13875.6
6 20 30 13903.7
6 20 45 14167.5
6 20 0 13750.8
6 20 15 13467.5
6 20 30 13767.1
6 20 45 13494.7
6 20 0 13222.6
6 20 15 13249.4
6 20 30 13516.8
6 20 45 13516.8
6 20 0 13417.4
6 20 15 13167.6
6 20 30 13417.4
6 20 45 13433.4
6 20 0 13667.5
6 20 15 13413
6 20 30 13683.7
6 20 45 13385.9
6 20 0 14351.2
6 20 15 14334.2
6 20 30 14067.3
6 20 45 14067.3
6 20 0 15519.3
6 20 15 15212.3
6 20 30 15181.6
6 20 45 15181.6
6 20 0 16357.3
6 20 15 16687.5
6 20 30 16324.2
6 20 45 16667.6
6 20 0 17855.6
6 20 15 17502.3
6 20 30 17834.4
6 20 45 17855.6
6 20 0 17993
6 20 15 18334.4
6 20 30 17956.7
6 20 45 17956.7
6 20 0 18156.6
6 20 15 18119.9
6 20 30 18523.1
6 20 45 18501.1
6 20 0 17584.1
6 20 15 17917.7
6 20 30 17548.6
6 20 45 17917.7
6 20 0 17140.5
6 20 15 17521.8
6 20 30 17501
6 20 45 17175.1
6 20 0 18283.2
6 20 15 18320.1
6 20 30 18667.8
6 20 45 18689.9
6 20 0 18609.6
6 20 15 18647.3
6 20 30 19001.1
6 20 45 19023.7
6 20 0 18528
6 20 15 18565.5
6 20 30 18917.8
6 20 45 18940.3
6 20 0 18856.8
6 20 15 18446.4
6 20 30 18834.4
6 20 45 18483.7
6 20 0 17993
6 20 15 18334.4
6 20 30 17956.7
6 20 45 18356.2
6 20 0 17939
6 20 15 17584.1
6 20 30 17917.7
6 20 45 17548.6
6 20 0 17630.2
6 20 15 18001.1
6 20 30 17665.8
6 20 45 18022.4
6 20 0 18084.4
6 20 15 17711.8
6 20 30 18105.9
6 20 45 17747.6
6 20 0 17140.5
6 20 15 17501
6 20 30 17521.8
6 20 45 17175.1
6 20 0 17084.3
6 20 15 16766.2
6 20 30 17104.6
6 20 45 17104.6
