6 6 0 12128.8
6 6 15 11864.8
6 6 30 11864.8
6 6 45 12128.8
6 6 0 11701.4
6 6 15 11715.3
6 6 30 11701.4
6 6 45 11460.4
6 6 0 11357.3
6 6 15 11145.8
6 6 30 11370.8
6 6 45 11145.8
6 6 0 10943.1
6 6 15 11164
6 6 30 10921
6 6 45 11150.8
6 6 0 10875.6
6 6 15 11095.1
6 6 30 10853.6
6 6 45 11081.9
6 6 0 11055.9
6 6 15 11301.9
6 6 30 11288.4
6 6 45 11078.2
6 6 0 11839.1
6 6 15 11595.2
6 6 30 11853.2
6 6 45 11618.6
6 6 0 12539
6 6 15 12818
6 6 30 12802.7
6 6 45 12564.3
6 6 0 13766.4
6 6 15 13510
6 6 30 13782.8
6 6 45 13482.8
6 6 0 14426.6
6 6 15 14730
6 6 30 14455.7
6 6 45 14747.5
6 6 0 14831.1
6 6 15 14861
6 6 30 15143
6 6 45 15161
6 6 0 14965.9
6 6 15 14996.1
6 6 30 15280.7
6 6 45 15280.7
6 6 0 14816.5
6 6 15 14798.9
6 6 30 14494
6 6 45 14523.3
6 6 0 14454.7
6 6 15 14471.9
6 6 30 14156.9
6 6 45 14185.5
6 6 0 15436.7
6 6 15 15131.2
6 6 30 15100.7
6 6 45 15418.4
6 6 0 15712.3
6 6 15 15401.5
6 6 30 15693.7
6 6 45 15370.4
6 6 0 15333.9
6 6 15 15643.4
6 6 30 15302.9
6 6 45 15643.4
6 6 0 15235.5
6 6 15 15556
6 6 30 15574.5
6 6 45 15266.4
6 6 0 15143
6 6 15 15161
6 6 30 14831.1
6 6 45 14861
6 6 0 14494
6 6 15 14523.3
6 6 30 14798.9
6 6 45 14494
6 6 0 14561.4
6 6 15 14885.4
6 6 30 14867.7
6 6 45 14590.8
6 6 0 14954.3
6 6 15 14936.5
6 6 30 14658.4
6 6 45 14628.8
6 6 0 14156.9
6 6 15 14185.5
6 6 30 14454.7
6 6 45 14471.9
6 6 0 14127.3
6 6 15 14110.6
6 6 30 13819.8
6 6 45 13847.8
