12 29 0 18671.4
12 29 15 18323.7
12 29 30 18693.6
12 29 45 18286.7
12 29 0 17672.6
12 29 15 18007.9
12 29 30 18007.9
12 29 45 17672.6
12 29 0 17534
12 29 15 17554.9
12 29 30 17207.5
12 29 45 17172.8
12 29 0 16928.5
12 29 15 17249.7
12 29 30 17270.2
12 29 45 17270.2
12 29 0 17021.5
12 29 15 16987.1
12 29 30 17365.1
12 29 45 17365.1
12 29 0 17207.5
12 29 15 17534
12 29 30 17172.8
12 29 45 17172.8
12 29 0 17486.6
12 29 15 17818.4
12 29 30 17839.6
12 29 45 17818.4
12 29 0 17636.9
12 29 15 17672.6
12 29 30 18007.9
12 29 45 18029.3
12 29 0 18978.3
12 29 15 18565.2
12 29 30 18955.7
12 29 45 18602.7
12 29 0 19532.9
12 29 15 19903.5
12 29 30 19927.2
12 29 45 19493.5
12 29 0 19997.9
12 29 15 20401.6
12 29 30 20377.4
12 29 45 19957.6
12 29 0 19532.9
12 29 15 19493.5
12 29 30 19903.5
12 29 45 19927.2
12 29 0 18602.7
12 29 15 18565.2
12 29 30 18955.7
12 29 45 18978.3
12 29 0 19029.3
12 29 15 19429.6
12 29 30 19067.8
12 29 45 19452.7
12 29 0 19737.4
12 29 15 19346.9
12 29 30 19713.9
12 29 45 19307.8
12 29 0 19524.4
12 29 15 19122.1
12 29 30 19160.8
12 29 45 19547.6
12 29 0 19307.8
12 29 15 19737.4
12 29 30 19713.9
12 29 45 19346.9
12 29 0 20211.8
12 29 15 19811.9
12 29 30 19771.9
12 29 45 20187.8
12 29 0 19532.9
12 29 15 19903.5
12 29 30 19493.5
12 29 45 19927.2
12 29 0 19452.7
12 29 15 19067.8
12 29 30 19429.6
12 29 45 19029.3
12 29 0 18978.3
12 29 15 18602.7
12 29 30 18955.7
12 29 45 18565.2
12 29 0 18500.8
12 29 15 18119.6
12 29 30 18522.8
12 29 45 18156.3
12 29 0 19262.9
12 29 15 19240.1
12 29 30 18881.8
12 29 45 18843.7
12 29 0 19253.8
12 29 15 19215
12 29 30 19642.5
12 29 45 19215
