12 16 0 16056.9
12 16 15 16056.9
12 16 30 16414.1
12 16 45 16394.6
12 16 0 15517.7
12 16 15 15812.1
12 16 30 15830.9
12 16 45 15486.3
12 16 0 15109.3
12 16 15 15078.8
12 16 30 15396
12 16 45 15109.3
12 16 0 14834.3
12 16 15 15146.3
12 16 30 15164.3
12 16 45 14864.3
12 16 0 14915.8
12 16 15 15229.5
12 16 30 15247.6
12 16 45 14946
12 16 0 15078.8
12 16 15 15109.3
12 16 30 15414.3
12 16 45 15414.3
12 16 0 15664.3
12 16 15 15323.3
12 16 30 15645.7
12 16 45 15354.3
12 16 0 15486.3
12 16 15 15830.9
12 16 30 15517.7
12 16 45 15517.7
12 16 0 16334.4
12 16 15 16644.3
12 16 30 16664.1
12 16 45 16301.4
12 16 0 17497.3
12 16 15 17116.5
12 16 30 17151.1
12 16 45 17497.3
12 16 0 17892.6
12 16 15 17524
12 16 30 17913.9
12 16 45 17559.5
12 16 0 17151.1
12 16 15 17497.3
12 16 30 17476.5
12 16 45 17116.5
12 16 0 16334.4
12 16 15 16664.1
12 16 30 16644.3
12 16 45 16301.4
12 16 0 16742.7
12 16 15 16708.9
12 16 30 17080.7
12 16 45 17060.4
12 16 0 17330.7
12 16 15 16987.7
12 16 30 17310.1
12 16 45 17310.1
12 16 0 16790.4
12 16 15 17143.6
12 16 30 16824.4
12 16 45 17164
12 16 0 16953.5
12 16 15 17330.7
12 16 30 16987.7
12 16 45 17310.1
12 16 0 17747.3
12 16 15 17396.1
12 16 30 17726.2
12 16 45 17726.2
12 16 0 17497.3
12 16 15 17116.5
12 16 30 17151.1
12 16 45 17476.5
12 16 0 16708.9
12 16 15 17060.4
12 16 30 17080.7
12 16 45 16742.7
12 16 0 16301.4
12 16 15 16644.3
12 16 30 16664.1
12 16 45 16334.4
12 16 0 15910.2
12 16 15 15942.3
12 16 30 16264.2
12 16 45 16244.8
12 16 0 16545.9
12 16 15 16579.4
12 16 30 16894
12 16 45 16914.1
12 16 0 16906.1
12 16 15 17247.3
12 16 30 16872
12 16 45 17226.9
