12 6 0 19476.3
12 6 15 19453.2
12 6 30 19453.2
12 6 45 19052.4
12 6 0 18412.6
12 6 15 18375.4
12 6 30 18761.9
12 6 45 18412.6
12 6 0 17891.8
12 6 15 18289.9
12 6 30 17928
12 6 45 18268.2
12 6 0 17972
12 6 15 17637.3
12 6 30 17993.3
12 6 45 17601.7
12 6 0 17698.4
12 6 15 18070.7
12 6 30 17734.2
12 6 45 18092.2
12 6 0 17891.8
12 6 15 18289.9
12 6 30 17928
12 6 45 17891.8
12 6 0 18564.5
12 6 15 18218.8
12 6 30 18586.5
12 6 45 18586.5
12 6 0 18784.2
12 6 15 18761.9
12 6 30 18412.6
12 6 45 18412.6
12 6 0 19749.4
12 6 15 19381.7
12 6 30 19772.9
12 6 45 19772.9
12 6 0 20736.9
12 6 15 20761.5
12 6 30 20350.7
12 6 45 20309.7
12 6 0 20835.3
12 6 15 21230.6
12 6 30 20793.2
12 6 45 21255.9
12 6 0 20350.7
12 6 15 20761.5
12 6 30 20736.9
12 6 45 20309.7
12 6 0 19381.7
12 6 15 19749.4
12 6 30 19772.9
12 6 45 19342.5
12 6 0 19866.2
12 6 15 20243.2
12 6 30 20267.2
12 6 45 19826.1
12 6 0 20563.8
12 6 15 20156.9
12 6 30 20539.4
12 6 45 20116.2
12 6 0 19963.1
12 6 15 19922.8
12 6 30 20341.9
12 6 45 20366.1
12 6 0 20116.2
12 6 15 20539.4
12 6 30 20156.9
12 6 45 20116.2
12 6 0 21058.1
12 6 15 21033.1
12 6 30 20599.8
12 6 45 20599.8
12 6 0 20736.9
12 6 15 20761.5
12 6 30 20309.7
12 6 45 20350.7
12 6 0 19826.1
12 6 15 20267.2
12 6 30 20243.2
12 6 45 19866.2
12 6 0 19342.5
12 6 15 19772.9
12 6 30 19381.7
12 6 45 19749.4
12 6 0 19298.3
12 6 15 19275.4
12 6 30 18916.5
12 6 45 18878.3
12 6 0 19672.4
12 6 15 20045.7
12 6 30 20069.5
12 6 45 19632.7
12 6 0 20440.6
12 6 15 20060
12 6 30 20464.9
12 6 45 20019.5
