12 9 0 19670.5
12 9 15 20067.6
12 9 30 19630.8
12 9 45 19670.5
12 9 0 18933.2
12 9 15 18933.2
12 9 30 18971.5
12 9 45 19354.5
12 9 0 18822.8
12 9 15 18435
12 9 30 18845.2
12 9 45 18472.3
12 9 0 18136.1
12 9 15 18517.6
12 9 30 18539.6
12 9 45 18172.7
12 9 0 18619.3
12 9 15 18272.6
12 9 30 18641.4
12 9 45 18235.7
12 9 0 18472.3
12 9 15 18435
12 9 30 18845.2
12 9 45 18822.8
12 9 0 18771.8
12 9 15 19128
12 9 30 19128
12 9 45 19128
12 9 0 18971.5
12 9 15 19354.5
12 9 30 19331.5
12 9 45 18933.2
12 9 0 20349
12 9 15 20373.2
12 9 30 20373.2
12 9 45 20349
12 9 0 20968.5
12 9 15 21366.4
12 9 30 21391.8
12 9 45 20926.2
12 9 0 21901.1
12 9 15 21467.8
12 9 30 21424.5
12 9 45 21424.5
12 9 0 20968.5
12 9 15 21366.4
12 9 30 20926.2
12 9 45 21391.8
12 9 0 20373.2
12 9 15 20349
12 9 30 19970
12 9 45 19929.7
12 9 0 20428
12 9 15 20469.3
12 9 30 20857.7
12 9 45 20882.5
12 9 0 20768.8
12 9 15 21162.9
12 9 30 21188.1
12 9 45 21188.1
12 9 0 20959.4
12 9 15 20984.3
12 9 30 20569.1
12 9 45 20527.6
12 9 0 20726.9
12 9 15 21162.9
12 9 30 20768.8
12 9 45 20768.8
12 9 0 21671.7
12 9 15 21225.2
12 9 30 21268.1
12 9 45 21697.4
12 9 0 21391.8
12 9 15 21366.4
12 9 30 20926.2
12 9 45 20968.5
12 9 0 20882.5
12 9 15 20857.7
12 9 30 20428
12 9 45 20469.3
12 9 0 19929.7
12 9 15 19970
12 9 30 20373.2
12 9 45 20349
12 9 0 19884.2
12 9 15 19451.4
12 9 30 19860.6
12 9 45 19490.8
12 9 0 20269.6
12 9 15 20228.7
12 9 30 20654.2
12 9 45 20678.8
12 9 0 20627.3
12 9 15 20669
12 9 30 21086.2
12 9 45 21061.2
