12 1 0 18241.2
12 1 15 18609.4
12 1 30 18609.4
12 1 45 18241.2
12 1 0 17926.9
12 1 15 17926.9
12 1 30 17948.2
12 1 45 17557.5
12 1 0 17455.1
12 1 15 17095.5
12 1 30 17130.1
12 1 45 17475.9
12 1 0 17172.1
12 1 15 16852.3
12 1 30 16818.3
12 1 45 16852.3
12 1 0 17286.9
12 1 15 17266.4
12 1 30 16910.7
12 1 45 16944.9
12 1 0 17130.1
12 1 15 17475.9
12 1 30 17455.1
12 1 45 17095.5
12 1 0 17407.9
12 1 15 17738.2
12 1 30 17759.2
12 1 45 17372.7
12 1 0 17593
12 1 15 17926.9
12 1 30 17948.2
12 1 45 17557.5
12 1 0 18519
12 1 15 18870.4
12 1 30 18481.6
12 1 45 18892.8
12 1 0 19837.5
12 1 15 19813.9
12 1 30 19444.9
12 1 45 19405.7
12 1 0 20309.8
12 1 15 19907.9
12 1 30 19867.7
12 1 45 20309.8
12 1 0 19405.7
12 1 15 19813.9
12 1 30 19444.9
12 1 45 19837.5
12 1 0 18481.6
12 1 15 18870.4
12 1 30 18892.8
12 1 45 18519
12 1 0 18943.7
12 1 15 18982
12 1 30 19365.1
12 1 45 18943.7
12 1 0 19625.2
12 1 15 19259.8
12 1 30 19648.5
12 1 45 19220.9
12 1 0 19036.1
12 1 15 19074.6
12 1 30 19436.5
12 1 45 19459.6
12 1 0 19648.5
12 1 15 19220.9
12 1 30 19259.8
12 1 45 19625.2
12 1 0 20097
12 1 15 19722.7
12 1 30 19682.9
12 1 45 20120.8
12 1 0 19813.9
12 1 15 19405.7
12 1 30 19837.5
12 1 45 19444.9
12 1 0 19342.1
12 1 15 18982
12 1 30 18943.7
12 1 45 19342.1
12 1 0 18870.4
12 1 15 18892.8
12 1 30 18481.6
12 1 45 18870.4
12 1 0 18038.1
12 1 15 18417.5
12 1 30 18439.4
12 1 45 18074.5
12 1 0 19153.4
12 1 15 19176.2
12 1 30 18758.8
12 1 45 18796.8
12 1 0 19128.5
12 1 15 19167.2
12 1 30 19530.8
12 1 45 19554.1
