12 8 0 18918.1
12 8 15 19316
12 8 30 18956.3
12 8 45 19339
12 8 0 18245.9
12 8 15 18651.8
12 8 30 18629.7
12 8 45 18245.9
12 8 0 17801.6
12 8 15 18139.4
12 8 30 17765.7
12 8 45 18139.4
12 8 0 17477.6
12 8 15 17866.5
12 8 30 17513
12 8 45 17845.3
12 8 0 17943.3
12 8 15 17573.6
12 8 30 17964.6
12 8 45 17609.2
12 8 0 18161
12 8 15 17765.7
12 8 30 18139.4
12 8 45 17801.6
12 8 0 18455.5
12 8 15 18090.3
12 8 30 18053.8
12 8 45 18433.6
12 8 0 18629.7
12 8 15 18245.9
12 8 30 18282.8
12 8 45 18651.8
12 8 0 19206.2
12 8 15 19633.5
12 8 30 19610.2
12 8 45 19633.5
12 8 0 20207.3
12 8 15 20590.7
12 8 30 20615.2
12 8 45 20166.5
12 8 0 21080.9
12 8 15 20688.4
12 8 30 20646.6
12 8 45 20688.4
12 8 0 20590.7
12 8 15 20166.5
12 8 30 20207.3
12 8 45 20615.2
12 8 0 19245
12 8 15 19633.5
12 8 30 19610.2
12 8 45 19206.2
12 8 0 19726.1
12 8 15 20124.3
12 8 30 19686.3
12 8 45 20100.4
12 8 0 20418.8
12 8 15 19974.4
12 8 30 20394.6
12 8 45 20014.8
12 8 0 19822.4
12 8 15 19782.3
12 8 30 20222.5
12 8 45 20198.5
12 8 0 20418.8
12 8 15 20394.6
12 8 30 20014.8
12 8 45 19974.4
12 8 0 20884.8
12 8 15 20454.6
12 8 30 20495.9
12 8 45 20909.7
12 8 0 20207.3
12 8 15 20590.7
12 8 30 20166.5
12 8 45 20615.2
12 8 0 20100.4
12 8 15 20124.3
12 8 30 19686.3
12 8 45 19726.1
12 8 0 19245
12 8 15 19610.2
12 8 30 19206.2
12 8 45 19633.5
12 8 0 18745.2
12 8 15 19139.5
12 8 30 18783.1
12 8 45 19162.3
12 8 0 19533.7
12 8 15 19494.3
12 8 30 19928
12 8 45 19904.3
12 8 0 20296.5
12 8 15 19878.4
12 8 30 19918.6
12 8 45 20320.7
