12 20 0 19809.6
12 20 15 19809.6
12 20 30 19401.4
12 20 45 19440.7
12 20 0 18749.9
12 20 15 18749.9
12 20 30 19128.4
12 20 45 19105.7
12 20 0 18256.5
12 20 15 18602.9
12 20 30 18625
12 20 45 18219.6
12 20 0 17960.4
12 20 15 18323
12 20 30 17924.2
12 20 45 17924.2
12 20 0 18401.8
12 20 15 18059.1
12 20 30 18022.7
12 20 45 18423.6
12 20 0 18219.6
12 20 15 18602.9
12 20 30 18256.5
12 20 45 18625
12 20 0 18927
12 20 15 18552.5
12 20 30 18515.1
12 20 45 18904.6
12 20 0 18712.1
12 20 15 19128.4
12 20 30 18749.9
12 20 45 19105.7
12 20 0 19696.9
12 20 15 20111.2
12 20 30 20135.1
12 20 45 20135.1
12 20 0 21141.9
12 20 15 21116.8
12 20 30 20723.6
12 20 45 21116.8
12 20 0 21217
12 20 15 21174.2
12 20 30 21645.3
12 20 45 21217
12 20 0 20723.6
12 20 15 20681.7
12 20 30 21141.9
12 20 45 21141.9
12 20 0 19696.9
12 20 15 20111.2
12 20 30 20111.2
12 20 45 20111.2
12 20 0 20614
12 20 15 20230.2
12 20 30 20638.5
12 20 45 20189.3
12 20 0 20484.8
12 20 15 20940.5
12 20 30 20526.2
12 20 45 20915.7
12 20 0 20328.8
12 20 15 20739.2
12 20 30 20714.6
12 20 45 20287.8
12 20 0 20915.7
12 20 15 20526.2
12 20 30 20940.5
12 20 45 20484.8
12 20 0 20977.2
12 20 15 21418.5
12 20 30 21443.9
12 20 45 21019.6
12 20 0 21116.8
12 20 15 20681.7
12 20 30 20723.6
12 20 45 21141.9
12 20 0 20189.3
12 20 15 20614
12 20 30 20638.5
12 20 45 20189.3
12 20 0 19736.7
12 20 15 20111.2
12 20 30 20135.1
12 20 45 19696.9
12 20 0 19651.9
12 20 15 19263.1
12 20 30 19628.6
12 20 45 19224.2
12 20 0 19992.3
12 20 15 20032.8
12 20 30 20412.9
12 20 45 20437.2
12 20 0 20815.1
12 20 15 20427.5
12 20 30 20386.3
12 20 45 20839.9
