12 2 0 18512.4
12 2 15 18512.4
12 2 30 18490.4
12 2 45 18490.4
12 2 0 17466
12 2 15 17854.6
12 2 30 17501.3
12 2 45 17501.3
12 2 0 17364.1
12 2 15 17384.7
12 2 30 17040.7
12 2 45 17006.3
12 2 0 16730.6
12 2 15 16764.4
12 2 30 16730.6
12 2 45 16764.4
12 2 0 16856.5
12 2 15 17196.8
12 2 30 17176.4
12 2 45 16822.5
12 2 0 17364.1
12 2 15 17040.7
12 2 30 17006.3
12 2 45 17364.1
12 2 0 17317.1
12 2 15 17645.7
12 2 30 17282.1
12 2 45 17666.6
12 2 0 17501.3
12 2 15 17833.4
12 2 30 17466
12 2 45 17854.6
12 2 0 18772
12 2 15 18794.3
12 2 30 18385.2
12 2 45 18422.4
12 2 0 19710.6
12 2 15 19304.5
12 2 30 19734
12 2 45 19343.5
12 2 0 19804.1
12 2 15 20203.9
12 2 30 19764.1
12 2 45 20179.9
12 2 0 19304.5
12 2 15 19734
12 2 30 19710.6
12 2 45 19343.5
12 2 0 18794.3
12 2 15 18772
12 2 30 18385.2
12 2 45 18794.3
12 2 0 18883
12 2 15 18844.9
12 2 30 19241.3
12 2 45 19241.3
12 2 0 19159.3
12 2 15 19120.7
12 2 30 19546.1
12 2 45 19522.9
12 2 0 19335.1
12 2 15 18975.1
12 2 30 18936.8
12 2 45 19358.1
12 2 0 19522.9
12 2 15 19159.3
12 2 30 19546.1
12 2 45 19120.7
12 2 0 20015.9
12 2 15 19992.2
12 2 30 19580.3
12 2 45 19580.3
12 2 0 19343.5
12 2 15 19710.6
12 2 30 19343.5
12 2 45 19734
12 2 0 18883
12 2 15 19264.2
12 2 30 19241.3
12 2 45 18844.9
12 2 0 18772
12 2 15 18794.3
12 2 30 18385.2
12 2 45 18422.4
12 2 0 17944
12 2 15 17980.3
12 2 30 18343.2
12 2 45 18321.5
12 2 0 18661
12 2 15 19053.6
12 2 30 18698.8
12 2 45 19076.2
12 2 0 19452.1
12 2 15 19067.2
12 2 30 19028.7
12 2 45 19429
