12 17 0 15527.9
12 17 15 15527.9
12 17 30 15496.5
12 17 45 15822.5
12 17 0 15278.4
12 17 15 15278.4
12 17 30 14945.9
12 17 45 14945.9
12 17 0 14876.4
12 17 15 14582
12 17 30 14858.7
12 17 45 14858.7
12 17 0 14635.1
12 17 15 14316.6
12 17 30 14345.5
12 17 45 14345.5
12 17 0 14395.3
12 17 15 14715.5
12 17 30 14424.4
12 17 45 14698.1
12 17 0 14582
12 17 15 14552.6
12 17 30 14858.7
12 17 45 14876.4
12 17 0 15099.6
12 17 15 14818.5
12 17 30 15117.6
12 17 45 14788.6
12 17 0 14945.9
12 17 15 15260.3
12 17 30 14976.1
12 17 45 15278.4
12 17 0 15764.3
12 17 15 16063.5
12 17 30 16082.5
12 17 45 15732.5
12 17 0 16552.6
12 17 15 16866.6
12 17 30 16886.7
12 17 45 16519.1
12 17 0 16912.5
12 17 15 16946.7
12 17 30 17288.7
12 17 45 17268.2
12 17 0 16519.1
12 17 15 16866.6
12 17 30 16886.7
12 17 45 16552.6
12 17 0 15764.3
12 17 15 15732.5
12 17 30 16063.5
12 17 45 16082.5
12 17 0 16484.6
12 17 15 16158.4
12 17 30 16465
12 17 45 16125.8
12 17 0 16394.9
12 17 15 16725.9
12 17 30 16706
12 17 45 16361.8
12 17 0 16545.4
12 17 15 16565
12 17 30 16545.4
12 17 45 16565
12 17 0 16394.9
12 17 15 16361.8
12 17 30 16706
12 17 45 16725.9
12 17 0 16789
12 17 15 17107.6
12 17 30 17127.9
12 17 45 16755.1
12 17 0 16866.6
12 17 15 16519.1
12 17 30 16886.7
12 17 45 16866.6
12 17 0 16484.6
12 17 15 16125.8
12 17 30 16158.4
12 17 45 16465
12 17 0 15764.3
12 17 15 15732.5
12 17 30 16082.5
12 17 45 16063.5
12 17 0 15677.9
12 17 15 15354.9
12 17 30 15386
12 17 45 15677.9
12 17 0 16323.8
12 17 15 15968.5
12 17 30 16304.4
12 17 45 16000.8
12 17 0 16625.7
12 17 15 16283.2
12 17 30 16645.4
12 17 45 16316.1
