12 30 0 14672.7
12 30 15 14702.4
12 30 30 14672.7
12 30 45 14702.4
12 30 0 14466.2
12 30 15 14151.3
12 30 30 14449
12 30 45 14449
12 30 0 14085.5
12 30 15 13806.8
12 30 30 14068.8
12 30 45 13778.9
12 30 0 13840.7
12 30 15 13555.5
12 30 30 13582.9
12 30 45 13857.1
12 30 0 13933.2
12 30 15 13630
12 30 30 13916.7
12 30 45 13933.2
12 30 0 13806.8
12 30 15 13778.9
12 30 30 13806.8
12 30 45 13806.8
12 30 0 14030.7
12 30 15 14296.9
12 30 30 14313.9
12 30 45 14002.4
12 30 0 14449
12 30 15 14466.2
12 30 30 14180
12 30 45 14151.3
12 30 0 15227.6
12 30 15 14896.2
12 30 30 15209.5
12 30 45 14926.3
12 30 0 15970
12 30 15 15989
12 30 30 15672.6
12 30 45 15641
12 30 0 16045.8
12 30 15 16013.4
12 30 30 16369.7
12 30 45 16350.2
12 30 0 15970
12 30 15 15641
12 30 30 15672.6
12 30 45 15989
12 30 0 14896.2
12 30 15 14926.3
12 30 30 15209.5
12 30 45 15227.6
12 30 0 15299.4
12 30 15 15268.6
12 30 30 15589.7
12 30 45 15608.3
12 30 0 15492
12 30 15 15836.7
12 30 30 15523.3
12 30 45 15817.9
12 30 0 15374.1
12 30 15 15665.8
12 30 30 15684.4
12 30 45 15665.8
12 30 0 15492
12 30 15 15836.7
12 30 30 15817.9
12 30 45 15523.3
12 30 0 15864.4
12 30 15 16198.1
12 30 30 16217.4
12 30 45 15896.5
12 30 0 15970
12 30 15 15641
12 30 30 15989
12 30 45 15641
12 30 0 15608.3
12 30 15 15268.6
12 30 30 15589.7
12 30 45 15268.6
12 30 0 15227.6
12 30 15 14896.2
12 30 30 15209.5
12 30 45 14896.2
12 30 0 14862.1
12 30 15 14568.1
12 30 30 14538.6
12 30 45 14844.5
12 30 0 15150.2
12 30 15 15437.6
12 30 30 15456
12 30 45 15119.6
12 30 0 15760.5
12 30 15 15417.5
12 30 30 15448.7
12 30 45 15741.8
