12 19 0 19489.2
12 19 15 19489.2
12 19 30 19449.9
12 19 45 19882.7
12 19 0 19176.2
12 19 15 18796.7
12 19 30 18758.8
12 19 45 19153.4
12 19 0 18671.5
12 19 15 18302.1
12 19 30 18671.5
12 19 45 18265.1
12 19 0 17969
12 19 15 18346.9
12 19 30 18005.3
12 19 45 18368.7
12 19 0 18104.2
12 19 15 18469.7
12 19 30 18447.7
12 19 45 18067.7
12 19 0 18671.5
12 19 15 18265.1
12 19 30 18649.4
12 19 45 18302.1
12 19 0 18561.3
12 19 15 18951.8
12 19 30 18598.9
12 19 45 18951.8
12 19 0 18796.7
12 19 15 19153.4
12 19 30 18758.8
12 19 45 19176.2
12 19 0 19746.1
12 19 15 19786
12 19 30 20185.4
12 19 45 20161.5
12 19 0 21169.5
12 19 15 20775.3
12 19 30 21194.7
12 19 45 20733.4
12 19 0 21699.3
12 19 15 21270
12 19 30 21673.6
12 19 45 21227.1
12 19 0 20775.3
12 19 15 21169.5
12 19 30 20733.4
12 19 45 21194.7
12 19 0 20185.4
12 19 15 19786
12 19 30 20161.5
12 19 45 19746.1
12 19 0 20665.5
12 19 15 20280.7
12 19 30 20690.1
12 19 45 20239.8
12 19 0 20577.5
12 19 15 20992.9
12 19 30 20967.9
12 19 45 20992.9
12 19 0 20766.3
12 19 15 20791
12 19 30 20338.5
12 19 45 20379.6
12 19 0 20577.5
12 19 15 20967.9
12 19 30 20535.9
12 19 45 20992.9
12 19 0 21072.1
12 19 15 21029.6
12 19 30 21472
12 19 45 21497.5
12 19 0 20733.4
12 19 15 20775.3
12 19 30 21169.5
12 19 45 21194.7
12 19 0 20280.7
12 19 15 20690.1
12 19 30 20665.5
12 19 45 20239.8
12 19 0 20161.5
12 19 15 19746.1
12 19 30 20185.4
12 19 45 19786
12 19 0 19701
12 19 15 19677.6
12 19 30 19311.2
12 19 45 19272.2
12 19 0 20463.9
12 19 15 20082.8
12 19 30 20488.2
12 19 45 20463.9
12 19 0 20867.1
12 19 15 20891.9
12 19 30 20478.6
12 19 45 20437.2
