12 15 0 19916.3
12 15 15 19545.5
12 15 30 19545.5
12 15 45 19506
12 15 0 18851
12 15 15 18812.9
12 15 30 19231.5
12 15 45 19231.5
12 15 0 18354.9
12 15 15 18317.8
12 15 30 18725.4
12 15 45 18725.4
12 15 0 18399.9
12 15 15 18057.2
12 15 30 18020.8
12 15 45 18020.8
12 15 0 18523
12 15 15 18501
12 15 30 18501
12 15 45 18523
12 15 0 18317.8
12 15 15 18725.4
12 15 30 18354.9
12 15 45 18354.9
12 15 0 18614.9
12 15 15 18652.5
12 15 30 19029.1
12 15 45 19006.5
12 15 0 19231.5
12 15 15 18851
12 15 30 18812.9
12 15 45 19208.7
12 15 0 20243.7
12 15 15 20219.6
12 15 30 19803.1
12 15 45 19843.1
12 15 0 20793.2
12 15 15 20835.3
12 15 30 21230.6
12 15 45 21255.9
12 15 0 21762
12 15 15 21736.1
12 15 30 21288.3
12 15 45 21736.1
12 15 0 21230.6
12 15 15 21255.9
12 15 30 20835.3
12 15 45 20793.2
12 15 0 19803.1
12 15 15 19843.1
12 15 30 20243.7
12 15 45 19803.1
12 15 0 20749.8
12 15 15 20339.2
12 15 30 20298.2
12 15 45 20725.1
12 15 0 20636.9
12 15 15 21028.4
12 15 30 20595.2
12 15 45 21053.4
12 15 0 20397.2
12 15 15 20826.2
12 15 30 20851
12 15 45 20438.4
12 15 0 20595.2
12 15 15 20636.9
12 15 30 21028.4
12 15 45 21053.4
12 15 0 21132.9
12 15 15 21559.5
12 15 30 21533.9
12 15 45 21090.3
12 15 0 20793.2
12 15 15 20835.3
12 15 30 21230.6
12 15 45 21255.9
12 15 0 20298.2
12 15 15 20725.1
12 15 30 20339.2
12 15 45 20339.2
12 15 0 20219.6
12 15 15 20243.7
12 15 30 19843.1
12 15 45 19803.1
12 15 0 19757.8
12 15 15 19734.4
12 15 30 19366.9
12 15 45 19327.8
12 15 0 20100.1
12 15 15 20522.9
12 15 30 20547.3
12 15 45 20140.8
12 15 0 20927.3
12 15 15 20496.2
12 15 30 20537.6
12 15 45 20952.2
