12 26 0 19290.2
12 26 15 18908.6
12 26 30 18870.4
12 26 45 19290.2
12 26 0 18236.7
12 26 15 18582.7
12 26 30 18582.7
12 26 45 18236.7
12 26 0 17720.9
12 26 15 18115.2
12 26 30 18093.7
12 26 45 18093.7
12 26 0 17468.8
12 26 15 17433.6
12 26 30 17821.4
12 26 45 17800.3
12 26 0 17529.4
12 26 15 17898.1
12 26 30 17564.8
12 26 45 17529.4
12 26 0 17756.8
12 26 15 18093.7
12 26 30 17720.9
12 26 45 18115.2
12 26 0 18409
12 26 15 18044.7
12 26 30 18008.3
12 26 45 18044.7
12 26 0 18582.7
12 26 15 18604.8
12 26 30 18199.9
12 26 45 18236.7
12 26 0 19157.8
12 26 15 19560.8
12 26 30 19196.5
12 26 45 19584
12 26 0 20156.3
12 26 15 20115.7
12 26 30 20563.2
12 26 45 20563.2
12 26 0 20594.6
12 26 15 21027.8
12 26 30 21052.8
12 26 45 20636.3
12 26 0 20156.3
12 26 15 20538.8
12 26 30 20563.2
12 26 45 20115.7
12 26 0 19196.5
12 26 15 19157.8
12 26 30 19584
12 26 45 19560.8
12 26 0 19636.7
12 26 15 20049.8
12 26 30 20073.6
12 26 45 19676.4
12 26 0 19964.4
12 26 15 20343.2
12 26 30 20367.4
12 26 45 20343.2
12 26 0 19732.5
12 26 15 20171.5
12 26 30 19772.4
12 26 45 20147.6
12 26 0 20367.4
12 26 15 19964.4
12 26 30 20343.2
12 26 45 19924.1
12 26 0 20403
12 26 15 20857
12 26 30 20832.2
12 26 45 20444.3
12 26 0 20115.7
12 26 15 20563.2
12 26 30 20538.8
12 26 45 20156.3
12 26 0 19636.7
12 26 15 19676.4
12 26 30 20073.6
12 26 45 19636.7
12 26 0 19157.8
12 26 15 19584
12 26 30 19196.5
12 26 45 19560.8
12 26 0 18735.8
12 26 15 19114
12 26 30 19091.3
12 26 45 18698
12 26 0 19854.2
12 26 15 19877.8
12 26 30 19484.5
12 26 45 19445.1
12 26 0 20269.4
12 26 15 19828.3
12 26 30 19868.4
12 26 45 20245.4
