12 28 0 19789
12 28 15 19358.3
12 28 30 19358.3
12 28 45 19397.5
12 28 0 19085.9
12 28 15 18670.5
12 28 30 18708.2
12 28 45 19063.2
12 28 0 18179.1
12 28 15 18561.5
12 28 30 18561.5
12 28 45 18583.6
12 28 0 18260.5
12 28 15 18282.2
12 28 30 17920.5
12 28 45 18282.2
12 28 0 18360.9
12 28 15 18019
12 28 30 18382.7
12 28 45 17982.6
12 28 0 18583.6
12 28 15 18215.9
12 28 30 18179.1
12 28 45 18561.5
12 28 0 18511.3
12 28 15 18473.9
12 28 30 18862.5
12 28 45 18884.9
12 28 0 18708.2
12 28 15 19085.9
12 28 30 18670.5
12 28 45 19063.2
12 28 0 19653.1
12 28 15 19692.9
12 28 30 20090.4
12 28 45 20066.5
12 28 0 20677.5
12 28 15 21094.9
12 28 30 20635.8
12 28 45 21069.8
12 28 0 21169.8
12 28 15 21127.1
12 28 30 21597.1
12 28 45 21571.5
12 28 0 20677.5
12 28 15 21094.9
12 28 30 21069.8
12 28 45 20635.8
12 28 0 20066.5
12 28 15 20090.4
12 28 30 19692.9
12 28 45 19653.1
12 28 0 20185.2
12 28 15 20144.4
12 28 30 20592.6
12 28 45 20568.2
12 28 0 20480.6
12 28 15 20894
12 28 30 20869.2
12 28 45 20439.2
12 28 0 20693.1
12 28 15 20242.7
12 28 30 20283.6
12 28 45 20668.5
12 28 0 20894
12 28 15 20869.2
12 28 30 20439.2
12 28 45 20869.2
12 28 0 20972.9
12 28 15 21370.8
12 28 30 21396.2
12 28 45 20930.6
12 28 0 20677.5
12 28 15 20635.8
12 28 30 21069.8
12 28 45 21094.9
12 28 0 20568.2
12 28 15 20144.4
12 28 30 20592.6
12 28 45 20592.6
12 28 0 20066.5
12 28 15 20090.4
12 28 30 19653.1
12 28 45 19653.1
12 28 0 19220.2
12 28 15 19584.9
12 28 30 19181.4
12 28 45 19608.2
12 28 0 19988.3
12 28 15 20391.7
12 28 30 20367.5
12 28 45 19947.9
12 28 0 20341
12 28 15 20382.1
12 28 30 20768.8
12 28 45 20793.5
