12 31 0 15000
12 31 15 15017.8
12 31 30 14690.9
12 31 45 14720.6
12 31 0 14484.2
12 31 15 14197.6
12 31 30 14484.2
12 31 45 14197.6
12 31 0 14086.2
12 31 15 13823.9
12 31 30 14103
12 31 45 14086.2
12 31 0 13857.8
12 31 15 13874.3
12 31 30 13599.8
12 31 45 13572.3
12 31 0 13934
12 31 15 13674.5
12 31 30 13646.9
12 31 45 13950.5
12 31 0 14103
12 31 15 13796
12 31 30 14086.2
12 31 45 13823.9
12 31 0 14019.8
12 31 15 14331.7
12 31 30 14019.8
12 31 45 14019.8
12 31 0 14168.9
12 31 15 14197.6
12 31 30 14484.2
12 31 45 14467
12 31 0 15228.4
12 31 15 14944.8
12 31 30 15246.5
12 31 45 14914.6
12 31 0 16008.8
12 31 15 15989.8
12 31 30 15660.4
12 31 45 15692
12 31 0 16390
12 31 15 16033.2
12 31 30 16370.5
12 31 45 16065.7
12 31 0 16008.8
12 31 15 15660.4
12 31 30 15989.8
12 31 45 15692
12 31 0 15246.5
12 31 15 15228.4
12 31 30 14944.8
12 31 45 14914.6
12 31 0 15627.6
12 31 15 15287.5
12 31 30 15318.4
12 31 45 15609.1
12 31 0 15856.3
12 31 15 15511.2
12 31 30 15837.5
12 31 45 15542.6
12 31 0 15362.1
12 31 15 15703.9
12 31 30 15685.2
12 31 45 15393.2
12 31 0 15511.2
12 31 15 15542.6
12 31 30 15837.5
12 31 45 15856.3
12 31 0 15916.2
12 31 15 16237.5
12 31 30 16218.2
12 31 45 15884.1
12 31 0 15660.4
12 31 15 15989.8
12 31 30 16008.8
12 31 45 15692
12 31 0 15287.5
12 31 15 15627.6
12 31 30 15318.4
12 31 45 15609.1
12 31 0 14944.8
12 31 15 15246.5
12 31 30 15228.4
12 31 45 14914.6
12 31 0 14556.7
12 31 15 14586.1
12 31 30 14880.6
12 31 45 14880.6
12 31 0 15138.4
12 31 15 15169
12 31 30 15456.8
12 31 45 15475.2
12 31 0 15467.9
12 31 15 15761.4
12 31 30 15436.7
12 31 45 15780.1
