12 4 0 19784
12 4 15 19760.6
12 4 30 19392.6
12 4 45 19353.4
12 4 0 19081.1
12 4 15 19058.4
12 4 30 19081.1
12 4 45 18703.5
12 4 0 18578.9
12 4 15 18211.3
12 4 30 18174.6
12 4 45 18211.3
12 4 0 18277.6
12 4 15 17879.8
12 4 30 17916
12 4 45 18255.9
12 4 0 17978.1
12 4 15 18014.4
12 4 30 18356.2
12 4 45 18378.1
12 4 0 18578.9
12 4 15 18556.9
12 4 30 18174.6
12 4 45 18211.3
12 4 0 18469.3
12 4 15 18857.8
12 4 30 18880.2
12 4 45 18469.3
12 4 0 19081.1
12 4 15 18703.5
12 4 30 19058.4
12 4 45 18665.8
12 4 0 19687.9
12 4 15 20061.5
12 4 30 19648.2
12 4 45 20085.3
12 4 0 21064.5
12 4 15 21089.6
12 4 30 20630.6
12 4 45 20672.3
12 4 0 21591.7
12 4 15 21566.1
12 4 30 21121.8
12 4 45 21164.5
12 4 0 20672.3
12 4 15 20630.6
12 4 30 21089.6
12 4 45 20672.3
12 4 0 20061.5
12 4 15 20085.3
12 4 30 19687.9
12 4 45 19648.2
12 4 0 20180.1
12 4 15 20139.4
12 4 30 20563
12 4 45 20587.5
12 4 0 20863.9
12 4 15 20434.1
12 4 30 20888.7
12 4 45 20475.4
12 4 0 20687.9
12 4 15 20237.6
12 4 30 20663.3
12 4 45 20687.9
12 4 0 20863.9
12 4 15 20888.7
12 4 30 20475.4
12 4 45 20434.1
12 4 0 20925.3
12 4 15 20967.6
12 4 30 21390.9
12 4 45 21365.5
12 4 0 21089.6
12 4 15 21064.5
12 4 30 20672.3
12 4 45 20630.6
12 4 0 20587.5
12 4 15 20563
12 4 30 20139.4
12 4 45 20180.1
12 4 0 19687.9
12 4 15 20061.5
12 4 30 19648.2
12 4 45 20085.3
12 4 0 19603.3
12 4 15 19215.4
12 4 30 19580
12 4 45 19176.6
12 4 0 19942.9
12 4 15 20362.4
12 4 30 20386.6
12 4 45 19983.2
12 4 0 20788.3
12 4 15 20763.6
12 4 30 20335.8
12 4 45 20377
