12 18 0 19597.9
12 18 15 19597.9
12 18 30 19171.3
12 18 45 19210.1
12 18 0 18527.5
12 18 15 18901.5
12 18 30 18879.1
12 18 45 18490.1
12 18 0 18404.1
12 18 15 18382.2
12 18 30 18003.5
12 18 45 18382.2
12 18 0 17747.4
12 18 15 18084.1
12 18 30 17747.4
12 18 45 18084.1
12 18 0 17844.9
12 18 15 18183.5
12 18 30 18205.1
12 18 45 17808.9
12 18 0 18382.2
12 18 15 18003.5
12 18 30 18039.9
12 18 45 18404.1
12 18 0 18702.5
12 18 15 18332.5
12 18 30 18295.5
12 18 45 18680.3
12 18 0 18879.1
12 18 15 18490.1
12 18 30 18901.5
12 18 45 18527.5
12 18 0 19872.7
12 18 15 19463.3
12 18 30 19502.6
12 18 45 19896.3
12 18 0 20436.4
12 18 15 20866.3
12 18 30 20436.4
12 18 45 20891.1
12 18 0 21388.5
12 18 15 21363.1
12 18 30 20965.3
12 18 45 20923
12 18 0 20477.8
12 18 15 20436.4
12 18 30 20891.1
12 18 45 20866.3
12 18 0 19896.3
12 18 15 19463.3
12 18 30 19502.6
12 18 45 19896.3
12 18 0 20393.7
12 18 15 20369.5
12 18 30 19990.2
12 18 45 19949.8
12 18 0 20692.2
12 18 15 20282.7
12 18 30 20241.8
12 18 45 20667.6
12 18 0 20468.9
12 18 15 20047.2
12 18 30 20087.7
12 18 45 20493.2
12 18 0 20692.2
12 18 15 20282.7
12 18 30 20241.8
12 18 45 20667.6
12 18 0 21164.4
12 18 15 20728.4
12 18 30 21189.6
12 18 45 20770.3
12 18 0 20866.3
12 18 15 20477.8
12 18 30 20891.1
12 18 45 20477.8
12 18 0 20393.7
12 18 15 19949.8
12 18 30 19990.2
12 18 45 20369.5
12 18 0 19896.3
12 18 15 19872.7
12 18 30 19463.3
12 18 45 19502.6
12 18 0 18996.1
12 18 15 19034.6
12 18 30 19418.8
12 18 45 19395.7
12 18 0 19795.2
12 18 15 20170.8
12 18 30 19755.2
12 18 45 20194.7
12 18 0 20592.7
12 18 15 20144.5
12 18 30 20185.2
12 18 45 20568.2
