12 10 0 19615.2
12 10 15 19987.4
12 10 30 20011.2
12 10 45 20011.2
12 10 0 18880
12 10 15 19277.2
12 10 30 19300.1
12 10 45 18918.2
12 10 0 18769.9
12 10 15 18792.2
12 10 30 18420.4
12 10 45 18769.9
12 10 0 18085.1
12 10 15 18121.7
12 10 30 18487.5
12 10 45 18465.5
12 10 0 18221.2
12 10 15 18184.5
12 10 30 18589.1
12 10 45 18184.5
12 10 0 18383.2
12 10 15 18769.9
12 10 30 18792.2
12 10 45 18420.4
12 10 0 19074.3
12 10 15 18719.1
12 10 30 19097
12 10 45 18681.3
12 10 0 18880
12 10 15 18918.2
12 10 30 18880
12 10 45 19277.2
12 10 0 19913.9
12 10 15 20291.8
12 10 30 20315.9
12 10 45 19873.7
12 10 0 21331.7
12 10 15 20909.6
12 10 30 20867.4
12 10 45 21306.4
12 10 0 21839.6
12 10 15 21813.7
12 10 30 21364.3
12 10 45 21407.5
12 10 0 20867.4
12 10 15 21306.4
12 10 30 21331.7
12 10 45 20909.6
12 10 0 20315.9
12 10 15 20291.8
12 10 30 19873.7
12 10 45 19913.9
12 10 0 20799.1
12 10 15 20370.6
12 10 30 20823.8
12 10 45 20411.8
12 10 0 21128.5
12 10 15 21103.5
12 10 30 20668.7
12 10 45 20710.5
12 10 0 20511.3
12 10 15 20900.5
12 10 30 20925.4
12 10 45 20469.9
12 10 0 21128.5
12 10 15 20710.5
12 10 30 20668.7
12 10 45 21103.5
12 10 0 21610.8
12 10 15 21208.3
12 10 30 21165.5
12 10 45 21636.4
12 10 0 20867.4
12 10 15 20909.6
12 10 30 21306.4
12 10 45 21331.7
12 10 0 20411.8
12 10 15 20823.8
12 10 30 20799.1
12 10 45 20411.8
12 10 0 20315.9
12 10 15 20291.8
12 10 30 19873.7
12 10 45 19913.9
12 10 0 19804.8
12 10 15 19436
12 10 30 19828.3
12 10 45 19396.8
12 10 0 20596.2
12 10 15 20171.8
12 10 30 20620.6
12 10 45 20212.6
12 10 0 21027
12 10 15 21002
12 10 30 20610.9
12 10 45 20569.3
