12 7 0 20237.7
12 7 15 20237.7
12 7 30 19820.7
12 7 45 19820.7
12 7 0 19116.4
12 7 15 19155.1
12 7 30 19541.7
12 7 45 19541.7
12 7 0 19004.9
12 7 15 18613.4
12 7 30 19027.5
12 7 45 19004.9
12 7 0 18696.7
12 7 15 18311.5
12 7 30 18348.6
12 7 45 18348.6
12 7 0 18821.8
12 7 15 18412.1
12 7 30 18799.4
12 7 45 18449.4
12 7 0 18651
12 7 15 18613.4
12 7 30 19004.9
12 7 45 18651
12 7 0 18915.2
12 7 15 19336
12 7 30 19313.1
12 7 45 19336
12 7 0 19116.4
12 7 15 19518.5
12 7 30 19155.1
12 7 45 19541.7
12 7 0 20545.8
12 7 15 20163.3
12 7 30 20122.6
12 7 45 20163.3
12 7 0 21171.4
12 7 15 21128.7
12 7 30 21598.8
12 7 45 21598.8
12 7 0 21631.7
12 7 15 22086.8
12 7 30 21675.5
12 7 45 22113
12 7 0 21128.7
12 7 15 21573.1
12 7 30 21171.4
12 7 45 21171.4
12 7 0 20122.6
12 7 15 20163.3
12 7 30 20545.8
12 7 45 20570.3
12 7 0 20667.3
12 7 15 21084.5
12 7 30 21059.5
12 7 45 20625.6
12 7 0 20927.5
12 7 15 21367.7
12 7 30 21393.1
12 7 45 20969.8
12 7 0 20768.1
12 7 15 20726.2
12 7 30 21187.4
12 7 45 21162.2
12 7 0 21367.7
12 7 15 20969.8
12 7 30 20927.5
12 7 45 21393.1
12 7 0 21907.3
12 7 15 21430.5
12 7 30 21881.3
12 7 45 21473.9
12 7 0 21171.4
12 7 15 21598.8
12 7 30 21128.7
12 7 45 21573.1
12 7 0 20667.3
12 7 15 21084.5
12 7 30 20625.6
12 7 45 21059.5
12 7 0 20545.8
12 7 15 20163.3
12 7 30 20122.6
12 7 45 20122.6
12 7 0 20052.7
12 7 15 20076.6
12 7 30 19679.3
12 7 45 20052.7
12 7 0 20854
12 7 15 20878.8
12 7 30 20424.4
12 7 45 20465.7
12 7 0 21264.9
12 7 15 20826.8
12 7 30 20869
12 7 45 21290.2
