12 14 0 19743.7
12 14 15 19703.8
12 14 30 20142.2
12 14 45 19743.7
12 14 0 19003.7
12 14 15 19403.5
12 14 30 19426.5
12 14 45 19003.7
12 14 0 18892.8
12 14 15 18915.3
12 14 30 18541
12 14 45 18892.8
12 14 0 18203.5
12 14 15 18608.6
12 14 30 18586.5
12 14 45 18586.5
12 14 0 18710.8
12 14 15 18340.6
12 14 30 18303.6
12 14 45 18303.6
12 14 0 18503.6
12 14 15 18892.8
12 14 30 18915.3
12 14 45 18541
12 14 0 19222
12 14 15 18803.7
12 14 30 19199.2
12 14 45 19222
12 14 0 19426.5
12 14 15 19403.5
12 14 30 19003.7
12 14 45 19042.1
12 14 0 20003.9
12 14 15 20424.7
12 14 30 20449
12 14 45 20424.7
12 14 0 21046.6
12 14 15 21004.1
12 14 30 21445.9
12 14 45 21471.4
12 14 0 21956.5
12 14 15 21504.2
12 14 30 21547.7
12 14 45 21547.7
12 14 0 21046.6
12 14 15 21445.9
12 14 30 21471.4
12 14 45 21004.1
12 14 0 20424.7
12 14 15 20449
12 14 30 20003.9
12 14 45 20044.4
12 14 0 20935.3
12 14 15 20545.5
12 14 30 20504
12 14 45 20960.2
12 14 0 20804.1
12 14 15 21241.7
12 14 30 21266.9
12 14 45 20846.1
12 14 0 20604
12 14 15 21037.4
12 14 30 21062.4
12 14 45 20645.7
12 14 0 20846.1
12 14 15 21266.9
12 14 30 20804.1
12 14 45 21241.7
12 14 0 21304.1
12 14 15 21778.1
12 14 30 21752.3
12 14 45 21347.2
12 14 0 21471.4
12 14 15 21046.6
12 14 30 21445.9
12 14 45 21004.1
12 14 0 20504
12 14 15 20545.5
12 14 30 20935.3
12 14 45 20960.2
12 14 0 20424.7
12 14 15 20003.9
12 14 30 20044.4
12 14 45 20449
12 14 0 19934.5
12 14 15 19958.2
12 14 30 19563.3
12 14 45 19523.8
12 14 0 20755.7
12 14 15 20731.1
12 14 30 20304
12 14 45 20345
12 14 0 21164.7
12 14 15 21139.6
12 14 30 20745.9
12 14 45 20745.9
