12 21 0 19782.4
12 21 15 19351.8
12 21 30 19391
12 21 45 19782.4
12 21 0 19079.5
12 21 15 18664.2
12 21 30 19056.8
12 21 45 19056.8
12 21 0 18555.3
12 21 15 18209.8
12 21 30 18577.4
12 21 45 18173
12 21 0 17878.3
12 21 15 17914.5
12 21 30 18276.1
12 21 45 18254.4
12 21 0 18354.7
12 21 15 17976.6
12 21 30 18376.5
12 21 45 18012.9
12 21 0 18555.3
12 21 15 18173
12 21 30 18577.4
12 21 45 18209.8
12 21 0 18878.6
12 21 15 18505.1
12 21 30 18856.2
12 21 45 18467.7
12 21 0 18701.9
12 21 15 19079.5
12 21 30 19056.8
12 21 45 18701.9
12 21 0 20059.8
12 21 15 20083.6
12 21 30 19686.3
12 21 45 19646.5
12 21 0 20628.8
12 21 15 20670.6
12 21 30 21062.8
12 21 45 21087.8
12 21 0 21589.9
12 21 15 21162.7
12 21 30 21564.3
12 21 45 21120
12 21 0 20628.8
12 21 15 20670.6
12 21 30 21062.8
12 21 45 21062.8
12 21 0 19646.5
12 21 15 20083.6
12 21 30 20059.8
12 21 45 19686.3
12 21 0 20137.7
12 21 15 20561.3
12 21 30 20178.4
12 21 45 20585.7
12 21 0 20432.4
12 21 15 20887
12 21 30 20862.2
12 21 45 20473.7
12 21 0 20661.6
12 21 15 20686.1
12 21 30 20276.8
12 21 45 20235.9
12 21 0 20887
12 21 15 20473.7
12 21 30 20862.2
12 21 45 20432.4
12 21 0 21363.7
12 21 15 21389.1
12 21 30 20923.5
12 21 45 20965.9
12 21 0 20670.6
12 21 15 21062.8
12 21 30 20628.8
12 21 45 21087.8
12 21 0 20561.3
12 21 15 20585.7
12 21 30 20178.4
12 21 45 20137.7
12 21 0 19646.5
12 21 15 19686.3
12 21 30 20083.6
12 21 45 20059.8
12 21 0 19175
12 21 15 19601.6
12 21 30 19175
12 21 45 19213.8
12 21 0 19941.2
12 21 15 20360.7
12 21 30 19981.5
12 21 45 20384.9
12 21 0 20786.6
12 21 15 20761.9
12 21 30 20334.1
12 21 45 20375.3
