12 11 0 19592
12 11 15 19615.2
12 11 30 19592
12 11 45 19615.2
12 11 0 18918.2
12 11 15 18895.8
12 11 30 18543.9
12 11 45 18506.5
12 11 0 18019.5
12 11 15 18055.9
12 11 30 18398.5
12 11 45 18420.4
12 11 0 18100.2
12 11 15 17727.3
12 11 30 18121.7
12 11 45 17763.1
12 11 0 18221.3
12 11 15 17860.7
12 11 30 17824.7
12 11 45 17824.7
12 11 0 18019.5
12 11 15 18055.9
12 11 30 18398.5
12 11 45 18420.4
12 11 0 18348.7
12 11 15 18311.7
12 11 30 18696.9
12 11 45 18719.1
12 11 0 18506.5
12 11 15 18918.2
12 11 30 18543.9
12 11 45 18895.8
12 11 0 19890.3
12 11 15 19913.9
12 11 30 19480.5
12 11 45 19519.9
12 11 0 20884.8
12 11 15 20909.6
12 11 30 20495.9
12 11 45 20495.9
12 11 0 21382.1
12 11 15 21407.5
12 11 30 20983.9
12 11 45 20941.6
12 11 0 20909.6
12 11 15 20454.5
12 11 30 20495.9
12 11 45 20884.8
12 11 0 19480.5
12 11 15 19913.9
12 11 30 19890.3
12 11 45 19519.9
12 11 0 20411.8
12 11 15 19967.5
12 11 30 20387.6
12 11 45 20007.9
12 11 0 20685.9
12 11 15 20300.7
12 11 30 20259.7
12 11 45 20259.7
12 11 0 20511.4
12 11 15 20105.5
12 11 30 20064.9
12 11 45 20487
12 11 0 20685.9
12 11 15 20259.7
12 11 30 20710.5
12 11 45 20300.7
12 11 0 21183.2
12 11 15 20746.8
12 11 30 21208.4
12 11 45 20788.7
12 11 0 20884.8
12 11 15 20454.5
12 11 30 20495.9
12 11 45 20909.6
12 11 0 20387.6
12 11 15 19967.5
12 11 30 20411.8
12 11 45 20007.9
12 11 0 19890.3
12 11 15 19519.9
12 11 30 19480.5
12 11 45 19913.9
12 11 0 19412.9
12 11 15 19436
12 11 30 19051.4
12 11 45 19013
12 11 0 20188.7
12 11 15 20212.7
12 11 30 19812.7
12 11 45 19772.7
12 11 0 20203.1
12 11 15 20610.9
12 11 30 20162.3
12 11 45 20586.5
