12 23 0 15254.4
12 23 15 15562.3
12 23 30 15562.3
12 23 45 15543.8
12 23 0 14712.3
12 23 15 15009.3
12 23 30 14991.5
12 23 45 14682.6
12 23 0 14325.2
12 23 15 14296.2
12 23 30 14614.3
12 23 45 14597
12 23 0 14064.4
12 23 15 14360.3
12 23 30 14064.4
12 23 45 14377.3
12 23 0 14456.3
12 23 15 14439.2
12 23 30 14170.3
12 23 45 14170.3
12 23 0 14614.3
12 23 15 14597
12 23 30 14325.2
12 23 45 14597
12 23 0 14851.3
12 23 15 14528.1
12 23 30 14557.5
12 23 45 14528.1
12 23 0 14991.5
12 23 15 15009.3
12 23 30 14682.6
12 23 45 14712.3
12 23 0 15455.4
12 23 15 15799.3
12 23 30 15780.5
12 23 45 15455.4
12 23 0 16569.5
12 23 15 16228.2
12 23 30 16589.2
12 23 45 16261
12 23 0 16614.6
12 23 15 16964.1
12 23 30 16984.2
12 23 45 16648.2
12 23 0 16261
12 23 15 16569.5
12 23 30 16228.2
12 23 45 16589.2
12 23 0 15455.4
12 23 15 15486.7
12 23 30 15799.3
12 23 45 15780.5
12 23 0 15841.8
12 23 15 16175
12 23 30 15873.8
12 23 45 16175
12 23 0 16073.6
12 23 15 16411.7
12 23 30 16106.1
12 23 45 16431.2
12 23 0 15951.3
12 23 15 15919.1
12 23 30 16253.9
12 23 45 16273.3
12 23 0 16106.1
12 23 15 16073.6
12 23 30 16431.2
12 23 45 16411.7
12 23 0 16460
12 23 15 16806.3
12 23 30 16493.3
12 23 45 16826.2
12 23 0 16261
12 23 15 16228.2
12 23 30 16569.5
12 23 45 16589.2
12 23 0 16194.3
12 23 15 16175
12 23 30 15841.8
12 23 45 15873.8
12 23 0 15455.4
12 23 15 15799.3
12 23 30 15486.7
12 23 45 15455.4
12 23 0 15115
12 23 15 15084.5
12 23 30 15401.8
12 23 45 15420.1
12 23 0 15687.2
12 23 15 15719
12 23 30 16017.2
12 23 45 16036.3
12 23 0 16028.7
12 23 15 16352.2
12 23 30 15996.3
12 23 45 16332.8
