12 22 0 19019.6
12 22 15 19019.6
12 22 30 19380.5
12 22 45 19380.5
12 22 0 18343.8
12 22 15 18714.1
12 22 30 18306.8
12 22 45 18306.8
12 22 0 17825
12 22 15 17861.1
12 22 30 18221.6
12 22 45 17825
12 22 0 17536
12 22 15 17926.1
12 22 30 17904.9
12 22 45 17926.1
12 22 0 18024.6
12 22 15 17632.3
12 22 30 17668
12 22 45 18003.2
12 22 0 18200
12 22 15 17861.1
12 22 30 18221.6
12 22 45 18200
12 22 0 18150.7
12 22 15 18495.1
12 22 30 18114.1
12 22 45 18517.1
12 22 0 18691.9
12 22 15 18714.1
12 22 30 18343.8
12 22 45 18306.8
12 22 0 19699
12 22 15 19309.3
12 22 30 19675.7
12 22 45 19309.3
12 22 0 20659.4
12 22 15 20233.8
12 22 30 20684
12 22 45 20684
12 22 0 21176.5
12 22 15 20715.6
12 22 30 21151.3
12 22 45 20757.5
12 22 0 20233.8
12 22 15 20274.7
12 22 30 20659.4
12 22 45 20233.8
12 22 0 19270.3
12 22 15 19309.3
12 22 30 19675.7
12 22 45 19699
12 22 0 19752.1
12 22 15 20191.5
12 22 30 20167.6
12 22 45 20191.5
12 22 0 20041.1
12 22 15 20081.6
12 22 30 20487
12 22 45 20462.7
12 22 0 20290
12 22 15 19848.4
12 22 30 20265.9
12 22 45 19888.6
12 22 0 20462.7
12 22 15 20041.1
12 22 30 20487
12 22 45 20081.6
12 22 0 20564.4
12 22 15 20979.5
12 22 30 20522.9
12 22 45 20522.9
12 22 0 20274.7
12 22 15 20659.4
12 22 30 20233.8
12 22 45 20684
12 22 0 19792
12 22 15 20167.6
12 22 30 19752.1
12 22 45 20191.5
12 22 0 19675.7
12 22 15 19270.3
12 22 30 19699
12 22 45 19309.3
12 22 0 18807.8
12 22 15 19226.3
12 22 30 18845.9
12 22 45 19203.4
12 22 0 19559.4
12 22 15 19994.5
12 22 30 19598.9
12 22 45 19970.8
12 22 0 19944.8
12 22 15 20364.3
12 22 30 20388.5
12 22 45 19985.1
