12 3 0 19663.9
12 3 15 19297.7
12 3 30 19663.9
12 3 45 19687.2
12 3 0 18965.1
12 3 15 18574.4
12 3 30 18612
12 3 45 18574.4
12 3 0 18488
12 3 15 18085.6
12 3 30 18466.1
12 3 45 18122.2
12 3 0 17792.3
12 3 15 17828.3
12 3 30 18166.6
12 3 45 17828.3
12 3 0 18266.4
12 3 15 18288.1
12 3 30 17890.1
12 3 45 17926.3
12 3 0 18085.6
12 3 15 18122.2
12 3 30 18488
12 3 45 18466.1
12 3 0 18378.9
12 3 15 18765.5
12 3 30 18787.8
12 3 45 18416.1
12 3 0 18574.4
12 3 15 18965.1
12 3 30 18612
12 3 45 18987.7
12 3 0 19963.3
12 3 15 19591.6
12 3 30 19552
12 3 45 19987
12 3 0 20961.5
12 3 15 20529.6
12 3 30 20986.4
12 3 45 20986.4
12 3 0 21060.9
12 3 15 21486.1
12 3 30 21460.5
12 3 45 21018.4
12 3 0 20986.4
12 3 15 20571.1
12 3 30 20961.5
12 3 45 20529.6
12 3 0 19591.6
12 3 15 19963.3
12 3 30 19552
12 3 45 19987
12 3 0 20462.4
12 3 15 20081.3
12 3 30 20040.8
12 3 45 20486.7
12 3 0 20334.1
12 3 15 20761.8
12 3 30 20786.5
12 3 45 20375.2
12 3 0 20586.6
12 3 15 20562.2
12 3 30 20138.6
12 3 45 20179.3
12 3 0 20786.5
12 3 15 20761.8
12 3 30 20334.1
12 3 45 20786.5
12 3 0 20865
12 3 15 21260.9
12 3 30 21286.2
12 3 45 20822.9
12 3 0 20986.4
12 3 15 20961.5
12 3 30 20529.6
12 3 45 20571.1
12 3 0 20081.3
12 3 15 20486.7
12 3 30 20040.8
12 3 45 20462.4
12 3 0 19987
12 3 15 19552
12 3 30 19591.6
12 3 45 19963.3
12 3 0 19121.4
12 3 15 19082.8
12 3 30 19507.3
12 3 45 19484.2
12 3 0 20286.8
12 3 15 19845.3
12 3 30 19885.4
12 3 45 20262.7
12 3 0 20236.3
12 3 15 20277.3
12 3 30 20662
12 3 45 20686.6
