12 24 0 14892.3
12 24 15 14922.4
12 24 30 15223.6
12 24 45 15205.6
12 24 0 14363.1
12 24 15 14392.2
12 24 30 14363.1
12 24 45 14665.3
12 24 0 14279.3
12 24 15 14013.4
12 24 30 13985.2
12 24 45 14296.3
12 24 0 14047.8
12 24 15 14064.5
12 24 30 13786.2
12 24 45 14064.5
12 24 0 13861.9
12 24 15 14141.8
12 24 30 14125
12 24 45 13834
12 24 0 14279.3
12 24 15 14013.4
12 24 30 13985.2
12 24 45 14296.3
12 24 0 14528.1
12 24 15 14510.9
12 24 30 14211.9
12 24 45 14240.7
12 24 0 14682.7
12 24 15 14392.2
12 24 30 14665.3
12 24 45 14363.1
12 24 0 15455.5
12 24 15 15149.7
12 24 30 15119.1
12 24 45 15437.1
12 24 0 15875
12 24 15 15907.2
12 24 30 16228.2
12 24 45 16209
12 24 0 16614.6
12 24 15 16253
12 24 30 16594.9
12 24 45 16285.9
12 24 0 16209
12 24 15 15875
12 24 30 15907.2
12 24 45 16228.2
12 24 0 15149.7
12 24 15 15455.5
12 24 30 15437.1
12 24 45 15119.1
12 24 0 15528.4
12 24 15 15823.1
12 24 30 15841.9
12 24 45 15497.1
12 24 0 15723.8
12 24 15 15755.7
12 24 30 16054.6
12 24 45 16073.7
12 24 0 15572.7
12 24 15 15604.2
12 24 30 15919.1
12 24 45 15604.2
12 24 0 16054.6
12 24 15 15723.8
12 24 30 16073.7
12 24 45 15755.7
12 24 0 16460.1
12 24 15 16134.4
12 24 30 16101.8
12 24 45 16440.5
12 24 0 15907.2
12 24 15 16228.2
12 24 30 15875
12 24 45 16209
12 24 0 15528.4
12 24 15 15841.9
12 24 30 15823.1
12 24 45 15497.1
12 24 0 15149.7
12 24 15 15437.1
12 24 30 15455.5
12 24 45 15119.1
12 24 0 15066.6
12 24 15 14756.2
12 24 30 14786.1
12 24 45 15084.5
12 24 0 15668.7
12 24 15 15345.9
12 24 30 15687.3
12 24 45 15376.9
12 24 0 15996.4
12 24 15 15648.3
12 24 30 15679.9
12 24 45 15977.4
