12 25 0 15451.9
12 25 15 15763.8
12 25 30 15745.1
12 25 45 15451.9
12 25 0 14872.8
12 25 15 15203.7
12 25 30 15203.7
12 25 45 14872.8
12 25 0 14481.4
12 25 15 14803.6
12 25 30 14510.7
12 25 45 14510.7
12 25 0 14275.3
12 25 15 14246.5
12 25 30 14563.5
12 25 45 14546.2
12 25 0 14324.8
12 25 15 14643.5
12 25 30 14626.1
12 25 45 14626.1
12 25 0 14803.6
12 25 15 14510.7
12 25 30 14786
12 25 45 14481.4
12 25 0 14746
12 25 15 15043.6
12 25 30 14716.2
12 25 45 15025.8
12 25 0 15185.6
12 25 15 14902.8
12 25 30 15203.7
12 25 45 14872.8
12 25 0 15655.5
12 25 15 16003.9
12 25 30 15984.9
12 25 45 15687.2
12 25 0 16784.1
12 25 15 16804
12 25 30 16438.3
12 25 45 16784.1
12 25 0 17204.1
12 25 15 17183.7
12 25 30 16863.7
12 25 45 16829.7
12 25 0 16784.1
12 25 15 16438.3
12 25 30 16804
12 25 45 16471.6
12 25 0 15655.5
12 25 15 15984.9
12 25 30 15687.2
12 25 45 15687.2
12 25 0 16384.5
12 25 15 16079.4
12 25 30 16403.9
12 25 45 16046.9
12 25 0 16314.7
12 25 15 16644
12 25 30 16624.2
12 25 45 16281.8
12 25 0 16125.2
12 25 15 16484
12 25 30 16157.8
12 25 45 16464.4
12 25 0 16644
12 25 15 16314.7
12 25 30 16624.2
12 25 45 16281.8
12 25 0 17044.1
12 25 15 16706.9
12 25 30 16673.1
12 25 45 16673.1
12 25 0 16784.1
12 25 15 16471.6
12 25 30 16438.3
12 25 45 16804
12 25 0 16403.9
12 25 15 16079.4
12 25 30 16046.9
12 25 45 16384.5
12 25 0 15687.2
12 25 15 15984.9
12 25 30 15655.5
12 25 45 16003.9
12 25 0 15310.7
12 25 15 15619.8
12 25 30 15601.2
12 25 45 15279.8
12 25 0 15922.5
12 25 15 16224.6
12 25 30 16243.9
12 25 45 15922.5
12 25 0 16564
12 25 15 16203.5
12 25 30 16236.2
12 25 45 16203.5
