12 27 0 19384.1
12 27 15 19791.8
12 27 30 19815.3
12 27 45 19423.3
12 27 0 19088.5
12 27 15 18695.3
12 27 30 19111.2
12 27 45 18695.3
12 27 0 18608.3
12 27 15 18586.2
12 27 30 18203.3
12 27 45 18240.1
12 27 0 17944.3
12 27 15 18306.5
12 27 30 17944.3
12 27 45 18284.8
12 27 0 18042.9
12 27 15 18407.1
12 27 30 18006.5
12 27 45 18385.3
12 27 0 18586.2
12 27 15 18203.3
12 27 30 18608.3
12 27 45 18240.1
12 27 0 18535.9
12 27 15 18910.1
12 27 30 18498.5
12 27 45 18910.1
12 27 0 18733.1
12 27 15 19088.5
12 27 30 19088.5
12 27 45 19088.5
12 27 0 19719
12 27 15 20093.2
12 27 30 20117.1
12 27 45 19679.2
12 27 0 21122.9
12 27 15 20705
12 27 30 21097.9
12 27 45 20663.2
12 27 0 21198
12 27 15 21600.2
12 27 30 21625.9
12 27 45 21155.2
12 27 0 21097.9
12 27 15 20663.2
12 27 30 20705
12 27 45 21122.9
12 27 0 19719
12 27 15 20093.2
12 27 30 19679.2
12 27 45 20117.1
12 27 0 20620
12 27 15 20595.5
12 27 30 20212
12 27 45 20171.2
12 27 0 20896.9
12 27 15 20921.8
12 27 30 20466.4
12 27 45 20896.9
12 27 0 20269.6
12 27 15 20310.6
12 27 30 20720.6
12 27 45 20696
12 27 0 20466.4
12 27 15 20507.8
12 27 30 20921.8
12 27 45 20896.9
12 27 0 21399.3
12 27 15 20958.4
12 27 30 21424.7
12 27 45 21000.8
12 27 0 20663.2
12 27 15 21122.9
12 27 30 20705
12 27 45 21097.9
12 27 0 20595.5
12 27 15 20620
12 27 30 20212
12 27 45 20212
12 27 0 19679.2
12 27 15 20093.2
12 27 30 20117.1
12 27 45 19719
12 27 0 19634.3
12 27 15 19611
12 27 30 19245.8
12 27 45 19206.9
12 27 0 19974.4
12 27 15 20418.8
12 27 30 20394.6
12 27 45 20014.8
12 27 0 20821.2
12 27 15 20796.5
12 27 30 20409.2
12 27 45 20368
