12 12 0 20181.3
12 12 15 20157.4
12 12 30 19742.1
12 12 45 20157.4
12 12 0 19441.1
12 12 15 19040.6
12 12 30 19464.2
12 12 45 19079.1
12 12 0 18929.5
12 12 15 18577
12 12 30 18539.5
12 12 45 18952
12 12 0 18238.9
12 12 15 18275.8
12 12 30 18622.6
12 12 45 18644.7
12 12 0 18747.1
12 12 15 18339.1
12 12 30 18376.2
12 12 45 18376.2
12 12 0 18577
12 12 15 18952
12 12 30 18539.5
12 12 45 18929.5
12 12 0 19259.4
12 12 15 19236.5
12 12 30 18840.2
12 12 45 18878.3
12 12 0 19079.1
12 12 15 19441.1
12 12 30 19464.2
12 12 45 19040.6
12 12 0 20488.7
12 12 15 20464.4
12 12 30 20083.3
12 12 45 20042.7
12 12 0 21044.9
12 12 15 21487.6
12 12 30 21087.4
12 12 45 21513.1
12 12 0 21545.9
12 12 15 21589.5
12 12 30 21999.2
12 12 45 22025.3
12 12 0 21487.6
12 12 15 21044.9
12 12 30 21513.1
12 12 45 21087.4
12 12 0 20042.7
12 12 15 20083.3
12 12 30 20488.7
12 12 45 20464.4
12 12 0 20543.8
12 12 15 21000.9
12 12 30 20585.4
12 12 45 20976
12 12 0 21282.9
12 12 15 20886.6
12 12 30 21308.2
12 12 45 20844.5
12 12 0 20644
12 12 15 21103.3
12 12 30 21078.3
12 12 45 20685.8
12 12 0 20886.6
12 12 15 20844.5
12 12 30 21308.2
12 12 45 20844.5
12 12 0 21820.4
12 12 15 21794.5
12 12 30 21345.5
12 12 45 21388.7
12 12 0 21513.1
12 12 15 21044.9
12 12 30 21487.6
12 12 45 21087.4
12 12 0 20585.4
12 12 15 21000.9
12 12 30 20976
12 12 45 20543.8
12 12 0 20083.3
12 12 15 20464.4
12 12 30 20042.7
12 12 45 20488.7
12 12 0 19973.2
12 12 15 19601.3
12 12 30 19561.7
12 12 45 19973.2
12 12 0 20796
12 12 15 20771.3
12 12 30 20384.5
12 12 45 20343.4
12 12 0 20786.2
12 12 15 21205.8
12 12 30 20744.2
12 12 45 21180.6
