12 13 0 19521.5
12 13 15 19915.6
12 13 30 19482.1
12 13 45 19521.5
12 13 0 19185.1
12 13 15 18789.9
12 13 30 18789.9
12 13 45 19185.1
12 13 0 18295.4
12 13 15 18332.4
12 13 30 18702.5
12 13 45 18680.3
12 13 0 18035.1
12 13 15 18377.3
12 13 30 18399.2
12 13 45 18399.2
12 13 0 18097.6
12 13 15 18478.3
12 13 30 18134.2
12 13 45 18500.3
12 13 0 18332.4
12 13 15 18295.4
12 13 30 18702.5
12 13 45 18680.3
12 13 0 18983.2
12 13 15 18629.7
12 13 30 19005.8
12 13 45 18592.1
12 13 0 18827.9
12 13 15 18789.9
12 13 30 19207.9
12 13 45 19185.1
12 13 0 19818.8
12 13 15 20194.9
12 13 30 20218.9
12 13 45 20194.9
12 13 0 21204.6
12 13 15 21229.8
12 13 30 20767.8
12 13 45 20767.8
12 13 0 21709.5
12 13 15 21735.3
12 13 30 21305.2
12 13 45 21262.2
12 13 0 20767.8
12 13 15 21204.6
12 13 30 21229.8
12 13 45 20809.8
12 13 0 20218.9
12 13 15 19778.8
12 13 30 20194.9
12 13 45 19818.8
12 13 0 20724.4
12 13 15 20314.3
12 13 30 20699.8
12 13 45 20273.3
12 13 0 20570
12 13 15 21027.6
12 13 30 21002.7
12 13 45 20611.6
12 13 0 20800.7
12 13 15 20825.5
12 13 30 20413.4
12 13 45 20372.2
12 13 0 21002.7
12 13 15 20570
12 13 30 21027.6
12 13 45 21027.6
12 13 0 21107.1
12 13 15 21507.6
12 13 30 21064.4
12 13 45 21533.1
12 13 0 21204.6
12 13 15 21229.8
12 13 30 20809.8
12 13 45 20767.8
12 13 0 20314.3
12 13 15 20699.8
12 13 30 20273.3
12 13 45 20724.4
12 13 0 20218.9
12 13 15 20194.9
12 13 30 19778.8
12 13 45 19818.8
12 13 0 19304.1
12 13 15 19733.6
12 13 30 19710.2
12 13 45 19343.2
12 13 0 20522.2
12 13 15 20116.1
12 13 30 20497.8
12 13 45 20075.5
12 13 0 20901.7
12 13 15 20926.5
12 13 30 20471.1
12 13 45 20512.5
