12 5 0 19901
12 5 15 20302.7
12 5 30 20302.7
12 5 45 19860.8
12 5 0 19581.3
12 5 15 19558.1
12 5 30 19155.1
12 5 45 19193.9
12 5 0 19043.4
12 5 15 18688.8
12 5 30 18651
12 5 45 18688.8
12 5 0 18756.8
12 5 15 18734.6
12 5 30 18348.6
12 5 45 18385.7
12 5 0 18837.5
12 5 15 18449.4
12 5 30 18859.9
12 5 45 18837.5
12 5 0 18651
12 5 15 18688.8
12 5 30 19043.4
12 5 45 19066
12 5 0 18991.8
12 5 15 18953.5
12 5 30 19352.2
12 5 45 19375.2
12 5 0 19193.9
12 5 15 19155.1
12 5 30 19558.1
12 5 45 19558.1
12 5 0 20204.1
12 5 15 20587.4
12 5 30 20163.3
12 5 45 20163.3
12 5 0 21214.3
12 5 15 21214.3
12 5 30 21616.8
12 5 45 21642.5
12 5 0 22157.8
12 5 15 21719.4
12 5 30 22131.5
12 5 45 21675.5
12 5 0 21171.4
12 5 15 21642.5
12 5 30 21616.8
12 5 45 21214.3
12 5 0 20587.4
12 5 15 20163.3
12 5 30 20204.1
12 5 45 20611.9
12 5 0 20667.4
12 5 15 20709.2
12 5 30 21127.2
12 5 45 21127.2
12 5 0 21436.4
12 5 15 20969.8
12 5 30 21436.4
12 5 45 21410.9
12 5 0 20768.2
12 5 15 21230.3
12 5 30 20810.2
12 5 45 21205
12 5 0 21410.9
12 5 15 20969.8
12 5 30 21436.4
12 5 45 21012.2
12 5 0 21951.7
12 5 15 21925.6
12 5 30 21473.9
12 5 45 21517.3
12 5 0 21171.4
12 5 15 21616.8
12 5 30 21214.3
12 5 45 21642.5
12 5 0 20709.2
12 5 15 21102.1
12 5 30 21127.2
12 5 45 20667.4
12 5 0 20611.9
12 5 15 20163.3
12 5 30 20204.1
12 5 45 20587.4
12 5 0 20093.3
12 5 15 19679.4
12 5 30 20117.2
12 5 45 20093.3
12 5 0 20465.7
12 5 15 20896.2
12 5 30 20507.1
12 5 45 20921.1
12 5 0 21308
12 5 15 20869
12 5 30 21333.3
12 5 45 20911.2
